1	76	2
14	390	1
14	389	1
15	131	1
15	441	1
15	440	1
16	506	1
16	195	1
16	509	1
16	507	1
16	510	1
16	508	1
16	511	1
20	626	1
20	627	1
22	718	1
22	721	1
23	762	2
23	761	1
23	461	1
25	848	1
25	86	2
25	851	1
25	853	1
33	1063	1
33	1065	1
43	906	1
43	1342	1
43	198	1
44	1383	1
45	1445	1
45	1446	1
45	1447	2
45	1442	2
46	1499	2
46	744	2
46	187	1
46	1498	1
48	918	1
54	1773	1
54	1766	1
54	1769	1
54	1770	1
58	809	1
58	1945	1
58	469	1
58	1937	1
58	1944	1
58	1940	1
58	1942	2
58	1935	1
58	1943	1
63	2069	1
63	1963	1
68	2169	1
72	1632	1
72	2250	1
79	2394	1
79	746	1
79	2395	1
81	1959	1
81	627	1
85	2552	1
85	2554	1
88	2646	1
91	2721	1
92	2744	1
92	1031	1
94	2802	1
94	2801	1
112	189	1
112	3281	1
112	3280	3
112	2943	1
114	3321	1
119	2547	1
119	3499	1
119	3502	1
122	1427	1
122	689	2
122	3647	1
122	1933	1
122	3643	1
122	3649	1
122	1458	1
123	1317	2
124	3725	1
124	3724	1
124	2802	2
125	1954	1
125	470	1
125	3774	1
125	3772	1
125	3773	1
126	3807	1
126	3808	1
127	3832	1
131	3636	1
131	3958	1
131	3819	1
132	3991	1
132	3990	1
132	3989	1
141	2456	1
141	86	1
141	564	1
149	4346	1
149	4345	1
153	4415	1
153	224	1
157	3601	2
157	724	1
157	1	1
160	4599	1
160	3766	1
160	4602	1
162	2085	1
162	1799	1
164	3138	1
164	4697	1
164	4694	1
164	4693	1
166	4746	1
166	4745	1
166	1603	1
170	1460	1
170	4824	1
171	4872	1
171	4876	1
171	3809	2
171	4877	1
171	4878	1
175	4982	1
175	4983	1
177	5071	3
177	5072	2
177	5067	1
177	5068	2
180	1961	1
180	5145	2
180	5146	1
181	1993	1
181	5180	1
182	4121	1
182	1805	2
185	451	3
185	5300	1
185	1988	2
185	5294	1
186	5344	1
186	5346	1
186	5343	1
188	5409	1
188	49	1
188	5413	1
188	5410	1
189	2158	1
189	1485	1
189	5464	1
189	4167	1
189	5462	1
191	194	1
191	2646	1
191	384	1
192	459	2
192	180	1
196	5654	2
196	3647	2
196	3618	1
203	667	1
203	5782	1
218	6170	1
218	198	1
218	1194	1
221	468	1
221	6215	1
223	6254	1
223	186	1
223	468	1
223	3351	1
223	6255	1
223	232	2
232	6407	2
232	1901	1
241	6477	7
241	6609	1
242	198	1
242	6653	1
252	2386	1
252	1050	2
252	3989	1
252	6874	2
252	469	2
252	398	1
252	744	1
252	6867	2
252	6869	2
252	6872	1
253	6907	1
254	6927	1
254	6926	1
262	1192	1
262	7108	1
262	7105	1
262	982	1
262	7109	1
262	7107	2
263	5752	9
263	2250	3
263	2943	1
272	2556	2
272	7262	1
273	2158	4
273	6260	1
283	5452	1
283	3621	1
286	2557	1
286	7548	1
286	2991	1
289	7596	1
289	7598	1
289	5689	1
289	7595	1
299	149	1
299	4602	1
299	494	1
299	3866	3
300	6824	1
303	303	1
303	7885	1
303	3808	1
304	808	1
304	1016	1
306	1120	1
312	8021	1
312	8022	1
312	8024	1
315	19	2
315	359	1
315	12	2
322	1052	1
323	8253	1
324	8105	1
324	8273	1
325	1496	1
325	2248	1
325	8303	1
328	1496	1
328	86	1
332	4355	1
332	1367	1
332	926	1
332	5294	1
335	8557	1
335	6926	1
335	8556	1
343	8674	1
343	8673	1
343	467	1
343	8672	1
346	2671	1
346	5789	1
346	8776	2
346	308	1
352	4080	1
352	8907	1
352	8906	1
353	8950	1
353	8465	1
355	808	1
355	1073	1
355	294	1
355	3738	1
358	565	1
358	2554	1
359	497	1
359	4503	1
359	857	1
359	7541	1
359	4346	1
359	3586	1
359	1483	1
359	3251	1
359	9129	1
359	9123	1
360	5317	1
360	3349	1
360	9172	1
360	9173	1
361	3606	1
367	1496	1
367	1886	1
368	9304	1
368	2386	2
368	9307	1
368	9306	1
372	9423	1
372	9420	1
373	9440	1
373	1746	1
374	8271	1
374	1466	1
374	9477	1
374	513	2
376	9524	1
376	3733	1
382	8542	4
383	6646	1
383	5749	1
383	195	1
384	3684	1
384	3694	1
385	8419	1
385	9660	1
385	7129	1
385	1506	1
387	2947	1
387	468	1
388	1050	1
388	9741	2
388	7536	1
388	374	1
388	9739	1
391	827	1
393	5699	1
393	9871	1
393	9868	1
393	1068	1
393	9869	1
399	228	1
401	3504	1
404	10	1
404	3744	1
404	198	1
404	3463	1
404	565	1
417	2795	1
417	3601	1
419	3492	1
419	1031	1
422	8026	1
422	8084	1
427	10368	1
427	2424	1
427	9477	1
427	1917	1
427	6442	1
427	10369	1
431	8199	1
431	10452	1
431	2131	1
431	993	3
431	1	1
431	363	1
432	1365	1
432	5568	1
432	3864	2
435	5768	1
435	9601	2
435	232	1
438	5319	1
438	4133	1
440	228	1
440	494	1
440	9242	1
441	3878	1
441	1618	2
445	7808	1
445	7275	1
445	1465	1
452	228	2
452	230	1
463	11114	1
463	2399	1
463	198	1
463	186	1
463	11115	1
463	5972	1
466	4445	1
466	11167	1
467	86	1
467	4988	1
467	9451	1
470	4743	1
470	11255	1
470	11257	1
470	6836	1
470	2177	2
472	1371	1
481	1829	2
481	4609	1
484	11448	1
484	567	1
484	842	1
485	11471	1
485	11470	1
485	2441	1
491	1618	1
495	744	1
495	769	1
499	5195	1
500	1727	2
500	3684	1
503	1955	1
503	2400	1
503	6657	1
503	494	2
503	1490	1
503	1491	1
503	4717	1
503	5972	1
509	6643	1
509	11793	1
515	4848	1
515	147	1
516	11926	1
516	5339	1
518	5318	1
518	12019	1
518	11932	3
525	5195	1
525	1699	1
528	3991	1
528	1961	1
528	7907	1
529	12156	1
529	10871	1
534	6860	1
534	2543	2
534	1909	3
534	12233	1
534	4577	4
534	7142	1
534	2554	1
534	189	2
534	363	1
540	6151	1
540	6	2
540	465	1
540	1490	1
540	9123	1
540	511	1
543	470	1
543	11436	2
547	180	1
547	767	1
547	851	1
547	7463	1
547	470	1
548	4074	1
548	4077	1
548	2646	1
548	5971	1
548	12447	1
548	5500	1
548	12448	1
548	9286	1
554	565	1
554	3338	4
570	4193	1
570	1063	1
572	8687	2
573	2554	1
573	1	1
574	11115	1
574	12746	1
574	12144	1
576	4609	1
576	5619	1
576	9945	1
576	1454	1
577	9402	1
578	9286	1
578	12800	2
578	470	1
578	9450	2
580	2428	1
580	3338	2
582	827	1
583	4693	1
583	12867	1
583	12866	2
586	7611	1
586	12888	1
590	2141	1
590	186	1
590	1632	1
590	2386	1
590	4606	1
590	12937	7
593	12995	1
593	4814	1
597	10	2
597	1426	1
597	1	1
598	91	1
598	5375	1
598	3822	1
604	8238	1
605	8876	1
606	1	2
606	2120	1
606	5243	2
609	13256	2
609	1050	1
609	5629	1
609	3628	1
610	186	1
610	5369	3
620	186	1
620	1829	1
620	469	2
622	6874	1
622	5238	1
624	3837	1
624	5744	1
624	519	2
624	13469	1
625	3318	1
625	2987	1
625	2064	1
627	1589	4
627	9627	1
628	5691	1
628	6173	1
632	13569	1
634	228	1
634	5887	1
634	632	1
634	12	2
636	4620	1
636	2085	1
640	1503	1
640	8354	3
640	13683	1
640	2556	1
650	6259	1
650	2137	1
650	13836	1
653	3050	1
653	699	2
659	6860	2
659	10015	5
659	13932	1
659	2556	2
660	13957	3
660	5350	1
664	3318	1
664	10001	1
665	14028	1
665	4835	1
665	3349	1
665	1490	1
665	393	2
665	9105	1
665	1481	1
670	11888	2
670	14109	1
670	14106	1
675	1893	1
675	2946	1
681	1741	1
682	14277	4
682	1922	1
682	14278	1
682	1490	1
682	8738	1
682	2450	1
683	14304	1
683	14303	1
684	8015	1
685	3813	1
685	198	2
685	8677	1
685	4077	1
685	8303	1
692	14433	1
692	7776	1
693	2044	1
693	4193	1
693	2541	1
698	14500	1
698	228	1
698	14502	1
698	12156	2
698	11376	1
701	1484	1
701	2250	1
701	3969	1
701	8667	1
701	5944	1
713	8271	1
713	1900	3
713	9660	1
716	11169	1
725	294	1
725	1334	2
725	3619	1
726	294	1
726	206	1
726	470	1
728	3606	1
731	1058	1
731	632	1
732	228	1
732	4609	1
737	3113	2
741	4700	1
751	8877	3
751	2633	1
752	12293	1
752	3499	1
755	15114	1
755	4966	1
755	7614	1
757	827	1
760	6389	1
760	810	1
764	1968	2
764	769	1
764	6825	1
764	5426	1
764	7279	1
764	5971	1
764	511	1
764	189	2
764	13046	1
764	398	1
764	3471	1
765	12661	1
765	9010	1
768	410	1
770	12663	2
773	567	1
773	501	1
774	5306	1
774	13556	1
774	15404	1
774	12453	1
774	7185	1
780	4990	1
780	6860	1
780	15465	1
781	8562	1
781	12425	2
782	12822	1
782	13459	1
782	4732	1
782	98	1
783	851	1
783	757	1
783	15523	1
787	3360	1
787	1	2
787	195	1
792	384	1
792	15648	1
792	7275	2
792	1485	1
792	762	1
792	632	1
792	12524	1
792	186	1
792	6254	1
792	811	5
796	1334	1
796	15706	2
796	12852	1
799	1958	1
799	3807	4
799	494	1
799	1503	1
799	15763	1
799	15762	1
806	19	1
809	10090	1
809	1955	1
812	2547	1
812	5464	1
812	470	1
812	1123	1
814	5797	1
820	4128	1
824	1423	1
824	16030	1
824	3257	1
824	1073	1
824	560	1
827	1314	1
832	11380	1
832	3837	1
832	4828	1
833	16148	1
833	395	1
833	1490	1
833	16150	2
833	2434	1
833	518	1
833	9290	1
833	11898	1
835	384	1
835	830	1
835	15699	1
835	16205	1
835	8602	1
838	143	1
844	4196	1
844	2543	2
844	1491	2
844	3997	3
844	8242	1
844	5032	1
844	16290	1
850	6867	1
850	11473	1
858	11097	1
858	1909	1
858	6441	3
858	3774	1
858	16504	1
861	198	1
863	1345	1
868	10478	1
873	12293	1
874	8994	1
874	10012	1
874	6892	2
874	16697	1
874	6869	1
874	3719	1
879	12217	1
879	622	1
879	3165	1
881	5131	1
881	16766	1
881	747	1
881	16768	1
881	15288	1
881	16123	1
884	6153	1
884	198	1
887	8556	1
887	1176	1
887	16817	1
888	2719	2
888	2556	1
895	1050	1
895	2248	1
895	15718	1
895	3568	1
896	983	1
896	1431	1
896	1052	1
906	497	1
906	286	1
906	494	1
906	1490	1
906	2085	2
906	5471	1
906	17000	2
909	3669	1
909	1063	1
909	186	1
909	14835	1
909	630	1
909	1453	2
909	14866	1
909	1052	1
910	3980	1
911	15456	1
911	1050	8
911	5544	1
911	13000	2
911	1063	3
911	17073	2
911	1454	2
911	3592	1
911	17072	1
913	17086	1
918	1496	2
922	971	1
922	3118	3
923	4098	1
923	7673	1
923	7901	1
924	7755	1
924	17203	1
924	1219	1
924	384	1
924	17202	1
926	8089	1
926	7794	1
927	11411	1
927	1961	1
927	13311	1
927	16196	1
930	4743	1
930	497	1
930	15635	1
930	186	2
930	2153	1
930	86	1
930	59	4
930	1031	1
931	1898	1
931	1	1
931	15185	1
931	10850	1
931	1050	1
935	17330	1
935	14904	1
935	3837	1
945	86	4
945	7538	1
945	1	2
946	8581	1
946	313	1
946	8776	1
950	17469	1
954	8694	1
954	918	1
957	86	1
957	632	1
957	494	2
959	17605	2
959	198	1
959	3978	1
959	667	5
959	17608	2
959	12752	3
959	17613	2
959	9599	1
960	3714	2
960	228	1
960	2141	1
960	230	2
962	5136	1
962	948	1
962	189	1
966	12233	1
966	1942	1
966	6	1
966	6646	1
966	7611	1
966	3469	1
967	1334	1
967	1607	1
967	465	1
967	8420	1
969	14982	1
969	848	1
969	7901	1
969	8357	1
969	3001	1
969	63	1
970	3715	3
970	5028	2
970	9308	1
970	7806	1
971	7685	1
971	2779	1
971	3619	1
971	3665	1
976	4573	1
976	1961	1
976	3463	1
976	851	1
976	12870	1
977	3980	1
977	11143	1
977	8992	1
978	3978	3
978	2554	1
978	17881	1
978	17880	3
982	729	1
982	17916	1
982	3613	1
983	462	1
983	3257	1
983	1603	1
983	461	1
983	17938	3
983	11473	2
984	2208	1
984	10637	1
986	2436	1
989	228	1
989	6891	1
989	17984	1
989	12852	1
992	9119	1
992	3669	2
992	7526	1
995	186	1
995	737	1
998	918	1
999	11172	1
999	18108	1
999	378	1
1007	2671	3
1007	9602	1
1008	5409	1
1008	1458	1
1008	5642	1
1008	1345	1
1009	3733	1
1009	6840	1
1009	2065	1
1009	18203	3
1009	461	1
1010	1	1
1011	3857	3
1011	450	1
1011	7907	1
1011	15507	1
1012	11238	1
1012	460	1
1012	13932	1
1015	2557	1
1015	14303	2
1019	224	1
1021	724	1
1023	1961	1
1023	2184	2
1023	9253	1
1024	2860	1
1024	15	1
1024	10458	1
1030	460	1
1030	4745	1
1030	4869	1
1034	17351	1
1034	7755	1
1034	4835	1
1034	18424	1
1038	605	2
1038	377	1
1042	4069	1
1042	2380	2
1042	11411	3
1042	17999	1
1043	1465	1
1043	5152	1
1043	18497	1
1043	17793	1
1044	4573	3
1044	2146	1
1044	13045	1
1044	1952	1
1044	13046	1
1046	10505	1
1046	18236	1
1047	393	1
1047	8667	1
1047	1481	1
1048	10854	1
1048	1955	1
1048	2146	1
1048	6881	1
1048	667	2
1048	9607	1
1048	2131	1
1048	313	1
1048	9403	1
1048	8250	1
1048	2058	1
1053	484	1
1053	8266	1
1053	12933	1
1053	1507	3
1053	18539	1
1053	16205	1
1053	1913	1
1056	1057	1
1056	13000	1
1058	3866	1
1058	18657	1
1058	1363	1
1063	18691	1
1063	6170	1
1063	463	1
1063	10593	1
1063	4871	1
1063	3649	1
1064	4729	1
1064	2247	1
1064	2120	1
1066	18436	1
1066	14835	1
1066	14847	1
1066	5533	1
1066	1426	1
1066	5614	1
1068	4721	1
1068	1909	1
1068	2251	1
1069	8673	1
1069	3341	1
1069	2441	1
1073	18568	1
1073	10258	1
1083	3686	1
1083	1710	1
1084	19	1
1084	2141	1
1084	4729	1
1084	186	1
1084	16183	1
1084	3997	2
1085	757	1
1085	2251	1
1088	1909	2
1088	510	1
1088	13932	1
1088	18876	1
1089	7488	2
1089	9416	2
1089	18884	1
1091	769	1
1091	993	1
1091	18892	1
1093	1496	1
1093	632	2
1095	6798	1
1095	2666	1
1095	17674	1
1095	313	2
1095	10558	1
1095	1880	1
1097	8420	1
1097	18938	1
1097	18580	1
1097	8253	1
1098	763	1
1098	12747	1
1098	1596	1
1098	1504	2
1099	5769	1
1099	9428	2
1099	9590	1
1099	18967	1
1101	7755	1
1101	435	1
1101	1988	2
1105	18884	1
1105	5765	1
1105	9402	1
1107	469	2
1107	2993	1
1107	3360	1
1107	12756	2
1107	49	1
1107	2118	1
1107	1	4
1109	1351	1
1109	422	1
1116	13434	1
1116	2635	1
1116	10849	1
1116	196	1
1120	8602	1
1120	632	1
1126	1970	1
1127	19	2
1127	19170	1
1127	15635	1
1131	3614	1
1131	49	1
1132	9062	1
1134	19191	1
1134	926	1
1138	186	1
1138	1271	1
1138	1334	1
1138	3376	1
1141	450	1
1141	387	1
1141	7895	1
1141	9450	1
1145	373	1
1145	4609	1
1145	494	2
1149	1496	1
1149	18611	2
1149	4958	1
1149	841	1
1149	19310	1
1151	17949	1
1151	1925	1
1151	1909	1
1153	1460	1
1153	827	1
1155	1490	1
1161	8121	2
1161	143	1
1161	5294	1
1164	17615	1
1164	15487	1
1164	5789	1
1164	9587	1
1165	1719	1
1165	1345	1
1165	4814	1
1175	3978	1
1175	1926	1
1176	3372	1
1176	3551	1
1177	7602	2
1177	1901	1
1177	1909	1
1177	6407	1
1177	7621	1
1178	5519	1
1178	5971	1
1178	5972	1
1178	3772	1
1179	501	1
1179	12663	1
1180	186	1
1180	1926	1
1180	2942	1
1181	10870	1
1181	1321	1
1181	18941	1
1181	8024	1
1181	377	1
1181	19528	1
1182	1846	1
1182	232	1
1185	13975	1
1185	506	1
1185	494	2
1187	3365	1
1187	13046	1
1188	12427	1
1192	477	1
1192	2646	1
1192	848	1
1196	14982	1
1196	8661	1
1196	2252	1
1196	1050	2
1196	725	1
1196	8090	1
1196	16766	1
1196	19319	1
1196	1490	2
1198	4080	2
1198	501	1
1198	5145	1
1198	4728	1
1200	7685	2
1200	7526	1
1201	2492	1
1201	8531	2
1206	1345	1
1208	1497	1
1208	622	1
1208	16766	1
1208	1862	1
1208	9242	1
1214	5306	2
1214	12	1
1216	1501	1
1216	19789	1
1216	9107	1
1216	859	1
1216	7114	1
1216	9067	1
1216	470	1
1219	5642	1
1224	11670	1
1224	1321	1
1224	494	1
1224	3686	1
1224	14331	1
1224	3317	1
1228	19883	1
1228	1799	1
1234	7808	1
1234	9647	1
1234	12866	2
1234	294	1
1234	624	2
1236	13823	1
1236	3415	1
1236	3585	1
1238	8994	1
1238	3980	1
1238	9065	1
1241	462	1
1241	476	1
1241	12	2
1241	9647	1
1247	9474	1
1247	3969	1
1249	20003	1
1249	2001	2
1249	11373	1
1249	18226	2
1249	6661	1
1255	6798	7
1258	20062	1
1258	5471	1
1264	8464	1
1264	513	1
1266	4988	1
1268	2936	1
1268	2120	1
1271	1603	1
1274	189	1
1274	767	1
1276	1922	1
1279	20145	1
1279	13188	1
1279	13809	1
1279	8662	1
1283	198	1
1283	11102	1
1284	1367	1
1284	16817	1
1285	131	2
1285	4845	1
1285	12660	1
1286	8077	1
1286	9242	1
1286	1031	1
1287	1058	1
1287	1863	1
1294	3931	1
1294	16267	1
1294	12995	1
1298	9583	1
1298	313	4
1298	8743	1
1299	10691	2
1299	5518	1
1303	15005	2
1303	450	1
1303	5180	1
1304	1498	1
1304	2241	1
1304	15465	1
1305	2062	1
1305	6	1
1305	4986	1
1307	7121	1
1307	7105	1
1309	1470	1
1309	8911	1
1309	1490	1
1309	2058	1
1315	759	2
1315	1	1
1315	20382	2
1315	9067	1
1318	14805	1
1318	2386	1
1318	4869	1
1322	3487	1
1327	4599	1
1327	20450	1
1327	4108	1
1327	3757	1
1327	15868	1
1331	12523	1
1331	3415	1
1331	2078	1
1331	18250	1
1331	7546	2
1331	15716	2
1331	488	1
1332	20508	1
1332	6653	1
1332	6881	2
1334	1431	1
1337	8271	1
1337	2439	1
1337	4609	2
1337	6872	1
1337	15105	1
1338	3047	2
1338	1447	2
1338	6905	1
1343	5157	3
1343	7292	1
1343	15191	1
1345	587	1
1345	9423	1
1345	2491	1
1345	18885	1
1345	15485	1
1345	13367	1
1345	9587	3
1346	10870	1
1346	2065	1
1346	1954	2
1346	14038	1
1346	606	1
1346	567	1
1346	1934	1
1347	186	1
1347	18878	1
1347	195	1
1350	764	1
1350	2554	1
1351	4420	1
1351	469	1
1352	2487	5
1352	8793	1
1353	2400	1
1353	851	1
1353	20666	1
1354	17879	1
1354	2634	1
1354	19089	1
1354	459	1
1354	3586	2
1354	5151	1
1354	3670	1
1354	20678	1
1354	6872	1
1357	5518	1
1357	20697	3
1360	2557	1
1360	294	1
1360	12	1
1360	1880	1
1368	12995	1
1368	16267	1
1368	20106	1
1371	632	1
1371	12	1
1372	3813	3
1372	937	1
1373	1632	1
1373	827	1
1375	5131	1
1375	13683	1
1375	16196	1
1375	16577	1
1375	4958	1
1381	228	1
1381	795	1
1382	1440	1
1382	695	3
1382	5635	1
1384	3561	1
1384	5659	1
1384	1050	1
1385	6162	1
1386	86	1
1386	511	1
1386	6657	1
1387	9065	1
1387	2182	1
1392	7157	1
1392	3350	1
1393	7473	1
1393	3717	1
1394	17298	1
1394	7901	2
1394	2638	1
1394	1031	1
1395	5519	1
1395	2431	1
1395	13839	2
1395	630	2
1395	3772	5
1405	12795	1
1405	5144	1
1405	20966	1
1405	2078	1
1405	860	1
1405	7546	2
1405	14270	1
1406	7108	1
1407	2164	1
1407	6252	1
1407	186	1
1407	11111	1
1408	15433	1
1409	4900	1
1409	18657	1
1412	98	1
1412	8655	1
1412	975	1
1412	18848	1
1412	4871	1
1412	957	1
1413	17949	1
1413	15284	1
1414	9294	1
1414	565	1
1414	16838	1
1416	11461	1
1416	14835	1
1416	3591	2
1416	5636	1
1421	3495	1
1423	13925	1
1423	15609	1
1423	20884	1
1423	630	1
1427	180	1
1427	1490	1
1429	19191	1
1429	10848	1
1429	1875	1
1429	17559	1
1430	3838	2
1430	4523	1
1438	294	1
1438	15287	1
1443	1447	1
1443	689	1
1443	7685	1
1443	3962	1
1443	5618	2
1443	21226	1
1443	14086	1
1443	7972	1
1443	1455	1
1445	195	1
1445	7129	1
1445	8077	1
1445	15507	1
1445	18876	1
1447	186	1
1447	7471	1
1447	294	2
1448	476	2
1448	8199	1
1448	2058	1
1450	1317	1
1450	1286	1
1454	3041	1
1457	496	1
1457	149	1
1462	1901	2
1464	6477	1
1464	6529	1
1466	15	1
1466	7673	1
1467	21404	1
1467	21405	1
1467	4319	1
1467	186	6
1467	3372	1
1467	3981	1
1470	4609	1
1470	55	1
1470	5281	1
1470	17202	1
1470	5691	1
1471	1583	1
1471	449	1
1473	4062	1
1480	20074	1
1480	8021	1
1480	8357	2
1480	4754	1
1480	20905	1
1485	1963	1
1485	2846	2
1485	20889	1
1485	13193	2
1485	14517	1
1489	5612	2
1489	198	2
1489	1460	2
1489	696	1
1493	6252	1
1497	8366	1
1497	3123	1
1497	7912	1
1497	313	2
1497	21624	1
1500	19982	1
1502	19161	6
1502	2169	1
1502	1490	3
1502	10849	3
1502	523	1
1502	18942	2
1502	3486	1
1503	19727	1
1503	4742	2
1503	384	2
1503	513	1
1503	20505	1
1503	21031	1
1503	10369	1
1506	613	1
1506	470	1
1506	180	1
1510	494	1
1510	1368	1
1510	4350	1
1511	6636	1
1511	19510	1
1511	189	1
1512	2434	1
1512	14038	1
1512	2147	1
1512	458	1
1513	8121	1
1513	1390	1
1513	1195	1
1513	12618	1
1513	9296	1
1517	1909	1
1517	1846	1
1517	10418	2
1517	1	4
1517	467	1
1520	8424	1
1520	18892	1
1520	16135	1
1520	565	1
1520	511	1
1522	7121	1
1522	6200	1
1522	7105	8
1522	1741	1
1522	1423	1
1524	1501	1
1524	186	1
1524	7338	1
1524	4737	1
1524	15763	1
1524	2380	1
1524	18487	1
1527	1345	1
1531	3717	1
1531	1906	1
1534	11705	1
1534	5699	3
1534	9296	3
1535	1	1
1535	2554	1
1535	4167	1
1539	462	1
1539	9702	1
1540	198	1
1542	10637	2
1542	8636	1
1543	3669	3
1543	6392	1
1543	2807	1
1545	17206	1
1545	443	1
1545	4848	1
1547	1916	1
1549	4518	1
1549	1453	1
1549	1052	1
1551	6824	1
1551	3504	2
1551	9663	1
1551	11252	1
1553	18206	1
1553	384	2
1553	6638	1
1553	10863	1
1554	7602	2
1554	2044	1
1554	12745	1
1554	8672	2
1559	8105	1
1560	11826	1
1560	17917	1
1560	695	1
1560	5659	2
1563	6601	1
1563	12246	1
1563	10863	1
1566	8204	1
1567	1496	1
1567	461	1
1567	8420	1
1567	17938	2
1568	16213	1
1568	16881	1
1568	195	1
1568	363	1
1570	8728	1
1570	19589	1
1570	186	2
1570	4757	1
1570	494	2
1570	2556	1
1570	7794	1
1570	18539	1
1570	1719	1
1574	11879	1
1574	1076	2
1574	1080	1
1574	13237	1
1575	15655	12
1575	1993	1
1585	622	1
1585	20083	1
1585	10452	1
1585	384	1
1585	186	2
1588	1919	1
1600	7129	1
1600	17780	2
1600	7794	1
1600	614	1
1600	1925	1
1601	18589	1
1601	8903	1
1607	384	1
1607	13683	1
1607	1909	2
1607	6441	1
1611	3618	1
1612	18083	2
1615	228	3
1615	224	1
1615	12756	1
1615	232	1
1617	10	1
1617	313	3
1617	3016	1
1622	186	1
1622	2433	1
1624	7685	1
1624	11272	1
1624	827	1
1626	21399	1
1626	20147	1
1626	5739	1
1626	15660	1
1626	98	1
1626	10710	2
1626	16183	1
1626	8906	1
1627	10575	1
1627	2040	1
1628	8786	1
1628	11165	1
1631	19	1
1631	186	1
1631	194	1
1631	3257	1
1631	918	1
1632	15191	1
1632	22302	1
1632	384	1
1632	1940	2
1632	9307	1
1636	827	2
1639	8079	1
1639	5032	1
1642	7930	1
1642	17350	1
1642	9299	2
1645	6636	1
1646	2671	1
1647	16441	2
1647	7451	1
1648	22375	3
1648	14034	1
1648	2042	1
1648	374	1
1649	224	3
1651	7580	1
1651	435	1
1651	149	2
1651	827	2
1654	18645	1
1654	8464	1
1654	18657	1
1655	22427	1
1655	21219	1
1655	19458	1
1655	10849	1
1655	4726	1
1655	20697	1
1655	13155	1
1661	1270	1
1661	17615	1
1665	4026	2
1670	1568	1
1680	224	1
1680	1345	2
1680	16889	1
1682	1959	2
1682	6802	1
1682	1333	1
1689	4077	1
1689	7907	1
1689	20190	1
1690	1	3
1700	3985	1
1700	18603	3
1700	13461	1
1700	8878	1
1700	1632	1
1700	18942	1
1700	12448	1
1700	22622	1
1701	15454	1
1701	699	1
1708	14805	1
1708	9289	1
1709	15706	1
1709	20295	2
1715	1334	1
1715	17250	1
1715	5426	1
1715	194	1
1715	7903	1
1715	11898	1
1716	12425	1
1716	310	2
1716	8546	1
1716	8564	3
1718	6824	1
1720	3751	1
1720	4062	1
1720	7898	1
1720	3746	1
1722	6056	1
1723	7553	1
1723	3338	1
1728	1031	1
1728	198	2
1730	494	1
1730	17780	1
1731	19590	1
1731	3770	1
1731	488	1
1731	16290	1
1733	9500	1
1733	19981	1
1738	16040	1
1738	12618	1
1746	16415	1
1746	1075	1
1750	11085	1
1750	15487	1
1750	3819	1
1750	3652	1
1750	8546	1
1751	186	1
1751	1365	1
1751	13822	1
1751	4727	1
1754	186	1
1754	15606	1
1761	228	3
1761	513	1
1761	4958	1
1761	494	10
1761	1490	1
1763	2431	1
1763	86	2
1763	1933	1
1763	2375	1
1763	16995	1
1763	8674	1
1766	906	1
1766	4694	1
1766	1345	1
1767	2203	2
1767	17086	1
1767	21693	1
1767	1217	2
1767	1176	2
1776	2431	1
1776	12	2
1776	13461	1
1776	11793	1
1776	565	1
1777	7873	1
1777	237	1
1778	186	3
1778	10434	1
1778	1933	1
1778	19789	1
1778	21745	1
1778	3004	1
1779	7552	1
1779	3368	1
1780	19510	1
1780	9451	1
1782	2541	1
1782	8238	2
1782	8283	1
1783	10848	2
1783	9477	1
1783	851	1
1783	5465	1
1784	18375	1
1784	2998	1
1784	6825	1
1785	17999	1
1785	494	1
1785	2943	1
1785	2065	1
1787	7801	3
1787	2399	1
1787	86	1
1787	4584	1
1787	565	1
1789	9294	1
1789	17752	1
1789	488	1
1789	2424	1
1789	1510	1
1791	11115	1
1791	2709	1
1791	1603	2
1791	11110	1
1798	6529	1
1798	3690	1
1798	22001	1
1798	12	1
1806	3669	1
1806	3573	1
1806	16927	1
1806	2779	1
1806	3581	1
1807	3360	1
1807	5500	1
1807	2635	1
1807	1490	1
1808	7541	1
1808	186	2
1809	9068	2
1809	1	1
1810	1919	1
1810	98	1
1810	522	1
1810	813	2
1811	4990	1
1811	8950	1
1811	9306	1
1812	17309	1
1812	469	1
1812	486	1
1812	3974	1
1812	7114	1
1812	1910	1
1812	2636	1
1813	228	1
1813	10	1
1813	15454	1
1814	2120	2
1821	21156	1
1821	2253	1
1829	2548	1
1829	2440	1
1829	2448	1
1829	18936	1
1832	3001	1
1832	8734	2
1832	827	1
1834	565	2
1834	468	1
1835	10847	1
1835	2635	1
1835	11120	1
1835	567	1
1835	16982	1
1837	425	1
1839	6898	1
1841	8717	1
1841	12781	1
1842	17309	1
1842	10778	1
1845	2064	1
1845	2395	1
1848	1351	1
1848	7606	1
1848	8453	1
1848	5068	2
1848	1394	1
1848	4350	1
1849	228	1
1849	12795	1
1849	18611	1
1849	10838	1
1849	1846	1
1849	1952	1
1849	232	1
1852	23207	1
1852	10	1
1852	19476	1
1852	15868	1
1853	7860	1
1854	1365	1
1854	1372	4
1854	198	1
1854	5180	1
1854	10505	1
1854	1371	1
1856	4585	2
1856	1	1
1857	377	1
1857	4572	1
1857	1066	1
1858	632	1
1858	5089	3
1858	6056	1
1858	15371	1
1861	5770	1
1861	8186	1
1861	13367	1
1862	2666	1
1862	667	1
1862	12157	1
1862	9104	1
1862	1270	1
1862	23255	2
1863	3349	1
1863	2556	1
1863	195	1
1867	6220	1
1867	1919	2
1867	3351	1
1867	12867	1
1867	1603	2
1867	22144	1
1867	511	1
1868	1048	1
1868	10505	2
1868	3864	1
1869	1050	1
1869	667	1
1869	4449	1
1869	6358	1
1869	832	1
1869	9068	1
1869	10559	1
1869	6824	1
1869	16563	1
1871	2376	1
1871	2030	3
1871	16124	1
1877	19905	1
1877	2543	1
1878	6	1
1878	2120	1
1884	811	6
1884	12868	1
1884	195	1
1889	313	1
1889	9599	1
1889	10585	1
1896	14920	1
1896	1799	1
1897	979	1
1900	1958	1
1900	17613	1
1900	7541	3
1900	20649	1
1900	21556	1
1900	12861	2
1900	1846	1
1900	15105	1
1900	461	1
1900	2077	1
1900	3660	1
1900	761	1
1901	186	1
1901	1920	1
1901	17984	2
1902	5456	2
1902	12902	1
1902	6668	2
1902	2181	2
1902	1472	2
1905	4609	1
1907	198	1
1907	2221	2
1916	8561	1
1916	16144	1
1916	313	1
1916	20601	1
1916	11565	1
1919	2487	1
1919	11567	1
1919	8542	1
1921	21156	1
1921	22273	1
1921	87	1
1921	53	1
1921	501	1
1921	59	1
1921	90	1
1921	2282	1
1923	3407	1
1923	9286	3
1923	9489	1
1923	22577	1
1923	11471	1
1923	11434	1
1923	21601	1
1925	10023	1
1931	13269	1
1931	6164	1
1942	5438	1
1942	19716	1
1942	12228	1
1942	86	2
1942	564	2
1943	10	1
1943	1345	1
1944	632	1
1945	1441	1
1945	1050	1
1945	13000	1
1952	9173	1
1952	5375	1
1953	3073	1
1953	198	2
1953	4689	1
1955	11926	1
1956	2492	1
1956	19146	1
1956	2667	3
1956	16144	2
1957	14982	1
1957	15288	1
1957	2137	1
1957	9294	1
1957	19528	1
1957	4108	1
1957	14014	1
1957	906	1
1957	17469	2
1960	494	1
1960	15495	1
1960	294	1
1960	10369	2
1962	10074	1
1964	22960	1
1964	8902	1
1964	12	1
1968	9420	1
1968	126	3
1973	20648	1
1973	891	1
1975	228	1
1975	86	1
1975	21248	1
1975	3408	1
1975	494	1
1975	7094	1
1976	476	1
1976	186	2
1976	20072	1
1976	494	1
1976	3980	1
1980	11926	1
1980	5402	4
1980	12579	1
1980	904	1
1984	4195	1
1984	15613	1
1986	10	2
1986	7898	1
1988	177	1
1988	7275	1
1990	4685	2
1990	3937	2
1990	23657	2
1990	12579	5
1991	2377	1
1991	186	1
1991	16837	1
1991	494	3
1991	1913	1
1996	904	1
1996	2375	1
1996	627	1
2000	20362	1
2000	10859	1
2000	7614	1
2005	2253	1
2005	224	2
2006	10470	2
2006	14322	1
2007	422	1
2007	1741	1
2010	2439	1
2010	1920	1
2010	2449	1
2010	812	1
2010	737	1
2011	2753	1
2011	3001	1
2013	4879	1
2015	12003	1
2015	494	1
2020	19476	1
2020	15762	1
2021	228	1
2021	2748	6
2021	4694	1
2021	313	1
2021	3016	2
2021	3118	7
2027	7249	2
2027	10574	1
2029	462	1
2029	1966	1
2029	49	1
2029	23987	1
2030	12	2
2030	18885	2
2034	13184	1
2044	24031	1
2044	7867	1
2045	10919	2
2045	1182	1
2045	6927	1
2046	2064	1
2046	7262	1
2049	11411	1
2049	1490	1
2049	16506	1
2049	14527	1
2057	12159	1
2057	853	1
2057	10	2
2057	757	1
2057	3488	1
2057	1464	1
2057	3493	1
2057	7901	1
2057	15706	1
2057	187	1
2057	1868	2
2057	7553	1
2057	3408	1
2057	5	1
2059	7473	2
2059	1886	1
2059	8677	1
2059	467	1
2061	9296	3
2061	1195	2
2062	8878	1
2062	1846	1
2062	379	1
2066	983	1
2066	851	2
2066	2636	1
2069	3284	1
2069	21048	1
2069	4824	1
2069	5641	4
2069	9135	1
2069	714	2
2071	8728	1
2071	12246	1
2071	501	1
2072	198	1
2074	3660	1
2074	9470	1
2080	1182	1
2080	7606	1
2080	126	1
2080	1741	1
2086	5628	1
2086	9608	1
2086	8530	2
2086	667	1
2086	313	1
2086	3654	1
2086	9173	1
2087	7251	1
2087	7548	1
2087	7552	1
2087	14517	3
2088	8271	1
2088	1961	1
2088	6061	1
2096	4599	1
2096	7251	1
2096	17251	1
2096	56	1
2096	17338	1
2096	3352	6
2096	4756	1
2096	8026	1
2096	1491	1
2099	2860	2
2104	10780	2
2107	560	1
2107	20091	1
2108	2795	1
2108	3947	1
2108	18694	1
2108	13257	1
2109	2062	1
2109	10015	1
2109	459	1
2110	5079	2
2110	9728	1
2110	2748	1
2110	2979	1
2110	11963	1
2112	5612	2
2112	7834	1
2113	294	1
2113	5149	1
2113	13842	1
2113	1068	1
2114	6836	2
2114	12902	3
2115	6872	1
2115	11963	1
2117	667	1
2117	520	1
2117	1345	1
2121	513	1
2121	830	2
2121	21815	1
2123	24031	1
2123	19631	1
2129	11369	1
2132	1496	1
2132	1942	1
2132	2424	1
2132	1968	1
2132	12929	1
2137	5519	1
2137	11898	1
2137	12867	1
2137	948	1
2137	8238	1
2137	15608	1
2137	7903	2
2137	7157	1
2137	6668	1
2137	461	1
2137	3717	1
2137	17590	1
2139	1885	1
2139	5131	1
2139	2058	1
2142	772	1
2142	2634	3
2142	21620	1
2142	5151	2
2148	23166	1
2148	1334	1
2148	20778	1
2149	2158	1
2149	2946	1
2149	17339	1
2150	8907	1
2150	6258	1
2150	1465	1
2150	2944	1
2150	8250	1
2153	186	1
2154	7337	1
2154	5689	1
2161	3783	1
2161	20634	1
2161	16661	1
2161	12870	1
2162	586	1
2162	2030	1
2164	5032	3
2164	2920	1
2167	19491	1
2167	1944	1
2167	11917	1
2168	7923	1
2168	14109	1
2169	12427	1
2169	2137	1
2169	1947	1
2169	17859	1
2169	8082	1
2172	3407	1
2172	2431	1
2172	13435	1
2172	24493	1
2172	7903	1
2172	4961	1
2175	4868	1
2175	14322	1
2176	92	1
2176	88	1
2176	89	1
2176	59	2
2176	90	1
2183	15465	1
2183	15191	1
2192	7998	1
2192	3113	1
2194	2744	1
2194	198	1
2195	3684	1
2197	1961	1
2197	622	1
2197	1909	1
2197	2162	1
2197	63	1
2197	24592	1
2199	6252	1
2199	12866	1
2199	6259	1
2199	2134	1
2199	4726	1
2199	2241	1
2212	3284	3
2212	10235	5
2212	3619	1
2212	1455	1
2214	632	1
2214	1176	1
2216	404	1
2221	459	1
2221	461	1
2224	6804	3
2224	12	1
2224	286	2
2225	4609	3
2225	2030	2
2230	13842	1
2231	5465	1
2231	187	1
2231	2554	1
2231	182	1
2232	11257	1
2232	6258	1
2232	19528	1
2232	1870	3
2232	19929	1
2236	3124	1
2236	6370	1
2237	6529	1
2237	6804	1
2240	2391	4
2240	86	1
2240	5500	1
2240	8464	1
2245	11890	1
2245	11926	1
2245	5371	1
2247	592	1
2247	15648	1
2247	1875	1
2247	3351	1
2247	6874	1
2247	2942	1
2252	462	1
2252	579	1
2252	10367	2
2252	5495	2
2256	16772	1
2256	3592	1
2256	9204	1
2259	4166	1
2261	4115	2
2261	3770	1
2269	4868	1
2269	7776	1
2269	15404	1
2269	494	1
2274	1993	1
2274	2001	1
2275	1445	1
2275	5410	1
2275	827	1
2280	4448	1
2280	10585	1
2290	20006	1
2290	4350	2
2290	1176	1
2293	5916	2
2293	1632	1
2293	13	1
2294	9660	2
2294	86	1
2294	565	1
2294	11252	1
2299	12	2
2302	10951	1
2302	9725	2
2302	5884	1
2302	914	1
2304	11890	1
2304	10	1
2304	9731	1
2306	4677	1
2306	5319	1
2307	11116	1
2307	494	1
2308	18479	1
2308	5032	1
2312	233	1
2313	9884	1
2313	21227	1
2314	1176	1
2317	7685	1
2317	1048	1
2317	14847	1
2318	469	1
2318	16132	1
2318	757	1
2318	181	1
2318	19319	1
2318	3732	1
2318	14014	1
2322	6529	1
2322	4503	1
2322	10371	1
2324	4609	1
2326	24981	1
2326	5212	1
2333	7538	1
2338	667	1
2338	19	1
2342	509	1
2342	11115	1
2342	2137	2
2342	4966	1
2342	606	1
2347	10	1
2347	7898	1
2348	19	1
2348	4752	1
2348	18479	1
2348	2434	1
2353	3822	2
2354	233	1
2354	294	1
2354	2557	1
2363	4134	1
2363	904	1
2364	3732	1
2364	1465	1
2364	2944	1
2373	667	1
2373	180	1
2373	4745	3
2373	2556	2
2383	587	1
2383	1031	1
2383	9513	1
2386	18006	1
2386	186	1
2386	294	1
2386	3969	1
2393	10423	1
2393	23134	1
2402	149	2
2402	2730	2
2404	13024	1
2409	19775	1
2409	5280	1
2409	1391	2
2409	1176	1
2409	1367	2
2415	632	1
2415	198	3
2419	827	1
2421	1277	1
2421	1286	1
2421	1769	1
2421	20	1
2426	667	1
2426	11715	1
2426	24920	1
2428	667	1
2428	4113	1
2432	4193	1
2432	1878	1
2432	3660	1
2432	846	1
2432	12746	1
2435	1111	1
2435	1851	1
2435	11917	2
2439	1761	2
2439	3673	1
2439	3684	1
2439	10023	1
2439	17023	2
2439	20719	1
2440	2250	1
2440	3738	1
2440	2069	1
2440	473	1
2441	7673	2
2441	8556	1
2441	6736	2
2449	149	2
2449	3022	1
2455	1937	2
2455	9649	1
2455	2440	1
2455	5752	1
2455	3770	1
2455	2396	1
2463	8271	1
2463	9660	1
2463	2377	1
2463	4700	1
2463	12019	1
2463	19789	1
2463	632	3
2464	3858	1
2464	8053	2
2465	3135	1
2465	3137	1
2465	11916	1
2465	15897	1
2468	859	1
2468	2162	1
2468	4436	1
2468	6242	1
2468	22803	1
2468	13478	1
2470	5149	1
2473	501	2
2473	16838	1
2473	2401	1
2475	2282	1
2475	16616	1
2476	1031	1
2476	14620	1
2479	4698	1
2479	13957	1
2479	7923	1
2480	1770	1
2481	2667	2
2481	2671	1
2481	8734	2
2483	16764	1
2483	10835	1
2483	294	1
2483	11634	1
2483	17590	1
2483	1504	1
2484	7151	1
2484	459	1
2484	2492	1
2484	7452	2
2484	3973	1
2484	19417	1
2484	1568	1
2484	833	1
2484	3652	1
2484	20585	1
2490	3135	1
2490	4132	1
2496	7873	1
2496	18657	1
2496	8556	1
2499	14709	1
2501	1031	4
2501	632	2
2512	5786	2
2512	21624	1
2512	11167	1
2517	667	2
2517	12752	1
2519	2548	1
2519	20074	1
2519	18848	1
2519	6162	1
2521	86	1
2521	1896	1
2521	7387	1
2521	2058	1
2541	21219	1
2541	15465	1
2542	8467	1
2542	7761	1
2553	3502	1
2553	4345	1
2558	228	2
2558	5346	1
2561	2151	1
2561	501	1
2562	233	2
2562	6634	1
2562	2744	1
2562	1431	1
2562	14086	1
2567	10778	1
2567	226	2
2570	5082	1
2570	3414	1
2570	6825	1
2570	12868	1
2570	3744	1
2573	632	1
2573	232	1
2574	5769	1
2574	10585	1
2575	3137	1
2575	180	1
2577	5618	1
2577	21048	1
2577	5642	6
2578	5511	1
2578	1846	1
2578	15648	1
2578	9649	1
2584	4697	1
2584	14920	1
2584	1777	1
2584	4134	1
2585	17674	2
2587	19	1
2587	918	1
2587	5797	1
2590	2439	1
2590	4603	1
2590	7673	2
2590	3360	2
2590	8012	1
2590	2554	2
2591	67	1
2591	76	1
2592	8694	1
2599	6477	1
2599	1487	3
2599	384	8
2600	842	2
2600	4727	1
2600	3338	1
2606	49	1
2607	5158	1
2607	5180	2
2607	237	1
2609	8349	1
2609	1607	6
2609	470	1
2610	186	2
2614	14028	1
2614	16210	1
2614	13842	1
2614	4988	6
2614	3372	1
2614	461	1
2615	149	1
2616	338	1
2616	2758	1
2616	6056	1
2624	20778	3
2624	7860	2
2624	13236	1
2624	1176	1
2633	918	5
2633	21675	1
2633	12735	1
2633	10618	1
2633	2120	1
2636	149	1
2636	198	1
2636	7592	1
2636	5281	1
2636	3858	1
2640	6791	1
2640	11930	2
2641	4671	1
2641	632	4
2641	198	3
2645	10	2
2645	17073	1
2651	12523	1
2651	17918	1
2651	619	1
2651	4726	1
2651	189	1
2652	4077	1
2652	5770	1
2652	667	1
2652	993	2
2652	9583	1
2652	12	1
2654	1321	1
2654	1016	1
2657	8694	1
2657	1829	2
2657	3618	1
2657	3251	1
2661	4167	1
2661	20104	2
2665	19877	1
2665	9228	1
2666	8791	1
2666	9425	1
2666	1345	2
2666	827	2
2671	3407	2
2671	1961	1
2671	574	1
2672	224	1
2672	3746	1
2677	9647	1
2677	4834	1
2677	6661	1
2677	17086	1
2677	7898	1
2679	914	1
2679	4668	1
2679	9729	1
2681	1198	1
2681	9296	1
2684	14427	2
2684	7776	1
2684	3864	1
2684	155	1
2688	1589	1
2688	1321	1
2688	9642	1
2689	11715	2
2689	632	2
2690	92	1
2690	2282	1
2690	91	2
2690	89	1
2692	632	3
2694	186	1
2694	17281	1
2699	7602	1
2699	3408	1
2703	699	1
2703	9204	1
2705	8354	1
2705	4577	1
2705	3973	1
2706	3976	1
2706	15643	1
2706	3987	1
2710	9085	1
2710	21219	1
2710	22427	1
2710	17811	1
2710	6644	1
2710	21815	1
2710	15465	1
2724	5300	1
2724	4877	1
2730	467	1
2730	4965	1
2731	21219	1
2731	13461	1
2731	1431	1
2731	177	1
2731	6210	1
2731	4869	1
2731	3281	1
2733	16123	1
2733	1	1
2737	19249	5
2737	3485	1
2737	1490	2
2737	4577	1
2737	16290	1
2741	3581	1
2744	9524	1
2744	1490	2
2745	1	1
2745	501	1
2745	808	1
2748	1501	1
2748	4986	1
2748	180	1
2749	567	1
2749	12344	1
2753	460	1
2753	8878	1
2753	379	1
2754	98	1
2754	3757	1
2760	86	1
2760	3415	1
2762	1334	1
2764	228	1
2764	198	1
2764	9306	1
2764	3738	1
2764	2203	1
2766	2943	1
2766	3931	1
2766	18699	2
2766	189	1
2766	13256	1
2775	1829	3
2775	7947	2
2775	4632	3
2775	19	3
2775	1617	1
2775	18006	1
2778	906	1
2778	4609	1
2779	448	1
2779	1391	1
2782	667	2
2782	501	1
2782	469	1
2784	4080	1
2784	5843	1
2784	195	1
2785	10618	1
2785	632	1
2785	198	2
2787	1777	1
2787	5402	1
2787	4134	1
2787	901	1
2787	1070	1
2789	8032	1
2789	198	1
2789	10724	3
2789	53	4
2789	8038	1
2789	7452	4
2789	17811	2
2789	1568	5
2790	18473	1
2790	10132	1
2790	1455	1
2790	3581	1
2792	12424	1
2792	16697	1
2792	86	1
2792	18580	1
2792	7552	1
2794	8903	1
2794	10753	1
2794	598	1
2794	494	2
2794	15485	1
2794	9416	1
2794	9599	1
2797	228	1
2798	5082	2
2798	1880	1
2801	5415	1
2801	8876	1
2803	1465	1
2803	494	1
2803	9107	1
2803	579	1
2803	11434	1
2807	8079	1
2807	17984	1
2807	860	6
2807	8738	8
2807	5350	2
2808	6798	2
2808	12003	1
2809	5083	1
2810	592	1
2810	8903	2
2810	4742	1
2810	496	1
2810	9871	2
2810	3995	1
2810	14176	1
2813	3349	2
2813	627	1
2815	1968	1
2815	8015	1
2816	195	1
2816	13072	1
2816	19452	1
2819	14304	1
2819	10838	1
2819	294	2
2819	15868	1
2819	23029	1
2823	3976	1
2826	186	2
2826	14038	1
2826	2397	1
2829	16772	1
2835	4400	1
2835	12	1
2842	2998	1
2842	12736	1
2842	12737	1
2842	18550	1
2842	9477	1
2842	830	1
2842	3995	1
2842	393	1
2842	19926	1
2842	12746	1
2843	2541	1
2843	13155	1
2843	3660	1
2845	3714	2
2846	2183	1
2846	2064	1
2847	4098	1
2847	2638	1
2848	5654	1
2848	1050	1
2848	827	2
2848	7685	2
2853	5462	1
2853	189	1
2853	398	1
2853	3338	1
2855	5937	1
2855	33	1
2861	6846	1
2861	313	2
2861	3652	1
2861	11165	1
2861	20905	1
2861	2554	1
2863	6925	1
2863	1073	1
2863	17337	1
2864	9067	1
2864	8266	3
2875	9068	1
2875	12795	1
2882	1334	1
2882	10367	1
2882	22577	1
2882	13920	1
2882	17752	1
2883	1569	1
2883	3069	1
2885	1321	1
2885	9642	1
2888	19521	1
2888	494	1
2890	20648	1
2890	12727	1
2890	2164	2
2890	737	1
2890	9521	1
2890	6144	1
2890	4754	1
2890	7279	2
2890	470	1
2890	1504	2
2892	6884	1
2892	2543	1
2892	2448	1
2892	16881	1
2894	12	3
2895	8032	1
2895	23499	1
2895	501	1
2895	20666	1
2897	7867	1
2898	8424	1
2898	16135	1
2901	6370	1
2901	7107	1
2901	13	1
2903	10012	1
2903	4108	1
2907	13208	1
2907	4936	1
2907	14185	1
2907	2749	1
2909	23207	1
2909	462	2
2909	4745	1
2909	18903	1
2910	592	1
2910	3732	1
2910	3977	1
2910	511	2
2911	632	1
2911	3719	1
2914	6799	1
2914	12	1
2914	2878	1
2920	14335	1
2920	18204	1
2920	12145	2
2921	17593	1
2921	5518	1
2921	1919	2
2921	627	1
2921	3978	1
2921	2448	1
2921	4961	1
2921	12663	1
2921	13208	1
2921	1490	2
2921	8464	1
2921	11102	1
2924	8903	1
2924	494	2
2933	5522	1
2933	2998	1
2933	98	1
2933	1321	1
2933	12448	1
2933	1504	1
2935	18375	1
2938	16838	1
2940	228	2
2940	1959	3
2940	3552	1
2940	1873	1
2940	1925	2
2941	7105	1
2941	496	1
2941	8542	1
2942	21404	1
2942	2719	2
2942	20884	1
2942	4108	1
2942	614	2
2943	4584	1
2943	19250	1
2943	16664	1
2943	5928	1
2943	12870	2
2945	3601	1
2945	3619	1
2946	5409	2
2946	695	1
2946	3047	1
2946	3628	1
2947	393	1
2947	18892	1
2948	177	2
2948	5318	1
2952	2062	4
2952	5948	1
2952	10075	1
2952	9660	1
2952	763	2
2952	13478	1
2952	13836	1
2953	8655	2
2953	17000	1
2958	17602	1
2958	14266	1
2958	3368	2
2958	737	2
2958	5937	1
2960	23029	1
2962	6299	1
2962	13245	1
2962	4824	1
2968	747	2
2968	4745	1
2968	18942	1
2968	3976	1
2968	11898	1
2970	56	2
2970	4965	1
2970	5749	1
2970	3543	1
2970	3150	1
2970	1603	1
2970	59	1
2970	7536	1
2970	1597	1
2970	3621	1
2978	8653	1
2984	16733	2
2984	10574	1
2984	6154	1
2984	4961	1
2984	2554	2
2987	443	1
2987	402	1
2987	9868	2
2987	1423	2
2987	4848	2
2989	3318	1
2989	2633	1
2989	5447	1
2989	2839	1
2990	632	2
2990	2946	1
2994	9308	1
2995	6791	1
2995	469	1
2995	13188	1
2995	1949	2
2997	4115	1
2997	5592	1
2997	5067	1
2999	8911	1
3001	1078	1
3001	1741	3
3006	19727	2
3006	19631	1
3009	2730	2
3013	15495	1
3013	186	2
3013	20508	1
3013	9590	1
3013	20585	1
3021	13092	1
3021	560	1
3021	9017	1
3021	4835	1
3021	4843	1
3021	1988	1
3024	8121	1
3024	1390	2
3024	4355	1
3027	11085	1
3027	4449	1
3027	9587	1
3028	9884	1
3028	6919	1
3028	15404	1
3028	4355	1
3028	7873	1
3028	13236	1
3028	22046	2
3030	3577	1
3030	1260	2
3031	2431	1
3031	5465	1
3031	86	1
3032	9660	1
3032	2646	1
3032	15193	1
3032	757	1
3037	2638	1
3039	16578	1
3039	1609	1
3039	7160	1
3039	23134	3
3039	8012	1
3039	2401	1
3040	186	5
3040	1334	2
3041	16506	1
3042	1320	1
3042	11672	2
3046	3826	3
3046	12579	1
3046	5369	1
3049	1952	1
3049	17926	2
3049	18250	1
3049	3543	1
3049	1953	2
3050	5131	1
3050	15608	1
3050	738	1
3052	86	1
3052	746	1
3052	2042	1
3052	8987	1
3052	2942	1
3054	4193	1
3054	4603	1
3054	6624	2
3056	8285	1
3056	4080	1
3057	9107	2
3057	19125	1
3058	2805	1
3058	11935	1
3058	6898	1
3060	7471	1
3060	186	1
3060	1952	1
3060	1935	1
3060	15282	2
3061	1275	1
3061	22582	1
3061	15562	2
3061	1583	2
3061	449	1
3061	1320	1
3062	9002	1
3062	2554	1
3062	3372	1
3064	16487	1
3064	470	1
3067	4609	1
3067	827	1
3068	12752	1
3068	15495	1
3069	7580	2
3070	4415	1
3070	20634	1
3075	948	1
3076	3732	1
3076	7621	3
3076	19055	1
3079	9729	1
3081	1275	1
3081	4121	1
3081	3688	2
3081	1770	1
3082	13825	1
3082	2141	1
3082	13574	1
3082	14303	2
3083	3543	1
3083	982	1
3085	11448	1
3085	2548	1
3085	20074	1
3085	1608	2
3085	23511	1
3095	194	1
3096	177	1
3097	22273	1
3097	91	1
3097	89	1
3097	92	1
3097	90	1
3097	2282	1
3099	565	1
3100	20903	1
3100	19125	1
3100	86	1
3102	4193	1
3103	7251	1
3103	3551	1
3103	13478	1
3103	3772	2
3106	12802	1
3106	12822	1
3120	3673	1
3122	13817	1
3122	8238	1
3122	4080	1
3122	15185	1
3124	12737	1
3124	12663	1
3127	186	1
3127	622	1
3129	17701	2
3129	1880	1
3129	294	3
3131	494	2
3135	1931	1
3135	11455	2
3135	2385	1
3135	13936	1
3135	13823	1
3137	851	1
3137	15763	1
3137	86	1
3141	6220	1
3141	4193	1
3141	1954	1
3141	3743	1
3142	294	1
3142	632	2
3144	6904	1
3144	1431	1
3144	2788	1
3145	8788	1
3145	10250	2
3145	8561	1
3145	9228	1
3148	20785	1
3148	3813	1
3148	21438	1
3148	20783	1
3149	667	1
3149	18884	1
3149	12790	1
3149	8743	1
3149	16563	1
3150	14500	1
3150	2805	1
3150	5619	1
3152	6220	1
3152	21852	1
3152	4193	1
3152	4958	1
3154	6151	1
3154	8096	1
3154	1922	1
3154	737	1
3155	90	1
3160	6898	2
3160	3619	2
3161	7901	1
3161	463	1
3161	746	1
3161	16205	1
3161	8517	1
3170	5536	1
3170	827	1
3170	17599	1
3184	6799	1
3184	294	2
3185	1390	2
3185	3864	2
3187	228	1
3187	14038	1
3201	17351	1
3201	23192	1
3201	1176	1
3205	469	1
3205	19590	1
3205	2651	1
3205	15706	1
3205	846	1
3206	9613	1
3207	469	1
3207	6254	1
3207	9489	1
3207	2943	2
3207	17592	1
3207	2945	1
3210	477	1
3213	8662	2
3213	1944	1
3213	1893	1
3214	3507	1
3214	4988	1
3214	2947	2
3220	3135	1
3224	18657	1
3224	198	2
3226	811	2
3226	501	2
3226	507	1
3228	6758	1
3228	4021	1
3234	186	2
3234	6802	1
3234	1799	1
3235	13840	2
3235	9524	1
3235	195	2
3237	1271	2
3237	2030	2
3237	5965	1
3238	2109	1
3238	15562	1
3238	3326	1
3238	5212	1
3239	228	2
3239	1799	1
3241	5402	1
3241	4697	1
3243	567	6
3243	2634	1
3243	8354	1
3243	1490	1
3244	10653	1
3252	9720	2
3252	1848	1
3252	6164	1
3253	7844	3
3253	565	1
3254	7895	1
3254	7494	1
3256	17165	1
3258	1510	2
3258	757	1
3258	393	1
3261	3606	1
3261	6860	1
3261	1909	2
3261	731	1
3261	13683	1
3262	9420	1
3262	18083	1
3262	2143	1
3262	226	1
3262	410	1
3268	667	2
3268	1057	1
3268	718	1
3268	598	1
3282	851	1
3282	16733	1
3288	1390	1
3288	3810	1
3289	808	1
3289	186	2
3289	459	1
3289	3973	1
3289	1068	1
3292	15	1
3292	757	2
3292	459	2
3293	4115	1
3293	619	1
3293	389	1
3294	15711	1
3296	7801	1
3296	6891	1
3296	510	1
3296	11239	1
3296	2552	1
3296	10710	1
3296	5972	1
3297	4698	2
3297	19883	1
3297	1124	1
3297	11715	2
3297	9552	1
3297	904	1
3301	2399	1
3301	2380	2
3301	1934	1
3301	10369	1
3305	1878	1
3305	4717	2
3309	8659	1
3309	2241	1
3309	23688	1
3309	5	2
3309	13683	1
3321	13254	1
3321	6730	1
3324	98	1
3324	189	1
3324	2556	1
3326	13264	1
3326	1066	1
3332	3686	2
3332	15562	1
3334	1761	2
3334	17023	2
3344	15454	1
3344	13259	1
3344	10132	1
3349	3715	1
3349	2730	1
3349	3989	1
3354	19245	1
3354	1507	8
3358	86	1
3358	507	1
3361	667	2
3361	4742	1
3361	1334	2
3362	24031	2
3362	4835	2
3364	3988	1
3364	15118	1
3364	194	1
3364	1464	1
3367	2943	1
3367	3496	1
3367	15114	1
3368	15005	1
3368	2394	1
3368	4745	1
3372	228	1
3376	7249	2
3376	15606	1
3378	10	1
3378	494	1
3380	18130	1
3380	16441	1
3385	696	1
3388	3986	1
3388	23511	1
3388	7160	1
3388	3471	2
3390	2652	1
3393	19883	1
3393	604	1
3393	4130	1
3393	9778	1
3398	2421	1
3398	9286	2
3398	18938	1
3398	10710	1
3399	1050	2
3399	21601	1
3399	15609	1
3399	2434	2
3400	5026	1
3400	4080	1
3400	19716	1
3400	11452	1
3402	10478	1
3413	10835	1
3413	3744	1
3413	7473	1
3414	1757	1
3414	1769	1
3416	13569	1
3417	2944	1
3419	2860	1
3419	194	1
3419	86	1
3422	5972	1
3422	378	1
3424	1472	1
3424	1470	1
3424	6850	1
3425	2064	1
3425	851	1
3425	501	1
3425	757	1
3427	3509	1
3427	762	1
3427	10849	1
3427	49	1
3434	8562	1
3435	5782	1
3435	4449	1
3435	17605	1
3438	17351	1
3438	423	1
3438	22046	1
3440	2920	1
3440	1930	1
3440	1615	1
3448	186	18
3448	11232	2
3448	18250	1
3448	1	3
3453	8994	1
3453	3977	1
3453	610	2
3454	1176	1
3457	18645	1
3457	17203	1
3457	1176	1
3463	3592	1
3464	228	1
3464	5740	1
3464	10691	1
3464	4606	2
3464	14503	1
3464	7808	1
3465	1456	1
3465	2253	1
3465	224	1
3469	6634	1
3469	2730	2
3469	7834	1
3470	3318	1
3470	957	1
3471	4415	1
3471	189	1
3472	286	1
3472	6	1
3472	2030	1
3472	918	1
3474	2385	1
3474	4986	2
3474	2424	1
3476	7546	2
3485	2998	1
3485	10837	1
3485	17859	1
3485	19528	1
3485	12800	1
3485	12450	1
3486	11115	1
3486	509	1
3486	769	1
3489	856	1
3489	4400	1
3491	6638	1
3491	6162	1
3493	511	1
3493	2920	1
3502	15692	1
3502	6252	1
3502	4445	1
3502	11565	2
3508	565	1
3511	14836	2
3514	9232	2
3514	2505	4
3514	19412	1
3514	10558	1
3514	16145	1
3514	8564	1
3517	17351	2
3517	560	1
3517	4839	1
3517	22046	1
3517	441	1
3520	5777	2
3520	12419	1
3522	180	1
3522	13920	1
3522	2375	1
3522	1504	1
3522	16507	1
3527	2797	1
3527	9718	1
3527	1447	1
3530	12159	2
3530	11241	1
3530	2999	1
3530	18486	1
3531	224	1
3531	3251	1
3539	15185	1
3539	18490	1
3539	3493	1
3539	19167	1
3546	1393	1
3548	4835	1
3549	18252	1
3549	609	1
3549	6258	1
3549	14278	1
3549	20636	1
3550	4572	1
3550	18564	1
3550	12144	1
3552	18601	1
3552	19452	1
3552	18490	2
3554	228	2
3554	27064	1
3554	1632	1
3559	2030	1
3559	1333	1
3566	186	2
3566	2247	1
3566	228	1
3567	12157	1
3567	1603	2
3567	12618	1
3567	15288	1
3567	16030	1
3569	8662	2
3569	3414	2
3571	1499	1
3571	11850	1
3574	186	1
3577	9477	1
3580	5219	1
3580	1805	1
3584	18967	1
3584	226	1
3585	12782	1
3585	359	1
3588	5614	1
3588	2638	1
3588	1345	1
3590	3767	1
3591	198	2
3591	1048	1
3591	8738	1
3591	6850	1
3591	2045	1
3591	2424	3
3591	7543	1
3591	12236	1
3591	1596	9
3591	2143	3
3592	501	1
3592	2554	1
3595	11826	1
3595	15456	1
3595	3619	1
3599	1958	1
3599	20072	1
3599	13836	1
3599	12888	1
3599	20496	1
3603	5739	1
3603	9490	1
3605	16144	1
3605	11165	1
3607	501	1
3607	189	1
3607	470	1
3609	4193	1
3609	3487	1
3609	1609	1
3610	5409	1
3610	3251	1
3611	18130	1
3611	601	1
3611	9513	3
3616	393	1
3616	461	1
3616	3717	1
3617	10015	1
3617	18903	1
3617	948	1
3620	17338	1
3620	4080	2
3620	2921	1
3620	13171	1
3620	7114	1
3621	10423	2
3624	17330	1
3624	5654	1
3624	12147	1
3624	9204	1
3624	2030	1
3624	17880	2
3627	233	2
3627	18556	1
3627	19639	1
3627	8349	1
3627	19649	1
3628	14847	1
3628	5641	1
3628	13264	1
3628	18699	1
3629	10837	1
3629	1909	1
3629	7142	1
3633	1490	1
3633	1483	1
3633	5243	1
3634	23166	1
3634	4901	1
3634	7494	1
3634	9010	1
3634	1217	1
3635	1050	1
3635	1632	1
3635	3962	1
3639	9195	1
3642	3407	1
3642	459	1
3642	20295	1
3642	18564	1
3643	8204	1
3643	4828	1
3643	13250	2
3656	11380	2
3656	14847	1
3656	3947	2
3665	3561	1
3665	3635	1
3674	1050	1
3674	667	2
3674	1460	1
3674	18681	1
3674	5533	1
3683	2753	1
3683	3495	1
3685	21620	1
3685	393	1
3686	8199	1
3686	15608	1
3686	18477	1
3686	17292	1
3686	8082	1
3686	22622	1
3700	177	1
3700	8902	2
3700	667	2
3700	8543	1
3700	598	1
3700	6840	1
3700	8283	1
3700	1880	1
3700	15495	1
3707	186	1
3707	6661	1
3709	186	3
3709	303	1
3709	494	1
3715	224	2
3715	738	1
3716	12344	1
3716	15716	1
3716	2920	1
3718	3822	1
3718	1880	1
3718	8636	1
3723	14335	1
3725	16124	1
3725	2543	1
3725	10368	1
3734	6358	1
3734	4445	1
3745	4685	1
3745	632	1
3747	10575	2
3747	1909	1
3748	2994	1
3748	86	2
3748	592	1
3750	228	1
3750	8453	1
3758	1345	1
3767	7998	1
3767	3123	1
3767	198	1
3777	21219	1
3777	16571	1
3777	15465	2
3781	228	1
3781	6443	1
3781	9473	1
3781	19510	1
3781	1719	1
3784	1958	1
3786	1464	3
3786	469	1
3786	5032	1
3789	1510	1
3789	17780	1
3789	8280	1
3792	3368	2
3792	2080	1
3794	19	1
3794	1334	1
3794	14620	1
3799	12	2
3799	7673	1
3803	9621	1
3803	627	2
3803	470	1
3804	5502	1
3804	13569	1
3804	14465	1
3829	5212	1
3833	4130	1
3834	13377	1
3834	9389	1
3834	4448	1
3839	2547	1
3839	17984	1
3839	16499	1
3841	19476	1
3841	177	1
3841	3341	1
3842	13842	1
3842	3004	1
3842	11898	1
3846	194	2
3846	19789	1
3848	769	1
3848	497	1
3848	454	1
3848	20072	1
3848	468	1
3848	3995	2
3856	6246	5
3856	507	1
3857	6636	1
3857	5456	1
3863	13434	1
3863	86	1
3863	1465	1
3863	2042	1
3863	8318	1
3866	2253	2
3869	186	2
3869	18848	1
3869	86	1
3869	11917	1
3869	1	1
3870	6260	1
3870	15288	1
3871	228	2
3873	23192	1
3873	1076	2
3873	55	1
3879	4079	1
3879	387	1
3881	2998	1
3881	469	1
3881	18878	1
3881	189	1
3881	19929	1
3886	10	2
3886	2640	1
3887	6	1
3887	1618	1
3887	2556	1
3892	3840	1
3892	893	1
3892	714	2
3898	1	5
3898	9521	1
3902	1358	1
3902	23932	1
3902	16733	1
3902	17853	1
3902	313	1
3904	5032	1
3905	8903	1
3905	21556	1
3909	5415	1
3909	3123	2
3918	8419	1
3918	3770	1
3918	513	2
3923	9871	1
3923	4732	1
3924	7844	1
3924	2936	1
3924	12745	1
3931	5843	1
3933	3277	1
3933	18436	1
3936	5409	1
3936	6609	1
3939	9513	2
3939	17298	1
3939	1031	2
3950	2248	1
3950	2944	1
3950	6153	1
3951	3543	1
3951	1334	3
3951	1	2
3955	6881	1
3955	2491	1
3955	15606	1
3955	21624	1
3955	11102	1
3956	25227	1
3956	22582	1
3956	632	1
3956	1277	1
3957	1961	1
3957	15119	1
3957	11239	1
3957	3376	1
3957	7473	2
3957	18487	1
3957	14270	1
3959	14304	1
3959	22930	1
3959	5145	1
3959	22927	1
3959	1	2
3961	5083	1
3961	12424	3
3961	6840	1
3961	2380	1
3964	4868	2
3964	20784	1
3964	1198	1
3966	460	1
3966	494	1
3966	8279	1
3967	1496	1
3967	21852	1
3969	17593	1
3969	4115	1
3969	4080	1
3969	10177	1
3969	461	1
3969	3981	1
3971	5778	2
3971	8743	1
3972	3955	1
3973	12444	4
3973	1846	1
3973	2120	4
3973	12868	2
3975	2391	1
3975	4069	1
3978	23207	1
3978	1868	1
3978	469	2
3978	13184	1
3978	11242	1
3978	16148	1
3978	186	1
3978	11232	1
3978	13478	1
3978	8420	1
3978	11436	1
3978	189	2
3978	8906	1
3979	7807	1
3979	463	1
3979	6850	1
3981	7806	1
3983	2395	1
3985	1603	1
3990	8012	1
3990	10367	1
3991	4523	2
3999	2750	1
3999	4982	1
3999	2385	1
3999	15371	1
3999	17752	1
3999	19508	1
4000	1390	1
4000	10600	1
4000	10778	1
4000	15813	1
4001	728	1
4001	3657	1
4001	49	1
4001	3251	1
4005	9287	1
4005	181	1
4005	23065	1
4006	9065	1
4006	1464	1
4007	14126	1
4007	3317	1
4007	1698	1
4008	294	1
4008	86	1
4008	18250	1
4008	15282	1
4014	8204	1
4014	14847	1
4014	1453	1
4014	3636	2
4014	50	1
4017	2556	1
4017	494	2
4017	9140	1
4020	11115	1
4020	1895	1
4020	9129	1
4020	8279	1
4022	918	1
4023	1497	1
4023	14527	1
4023	12745	1
4023	17752	1
4026	3338	1
4027	294	1
4027	10	1
4032	27064	1
4032	494	1
4032	15655	1
4032	13841	1
4032	237	1
4035	2543	1
4035	567	1
4035	9475	1
4035	2550	1
4036	1880	1
4036	1068	1
4042	6864	1
4042	18936	1
4042	1031	1
4043	196	1
4043	893	1
4043	1	1
4045	18490	1
4045	180	1
4048	1195	1
4049	9601	1
4049	8530	1
4050	6646	1
4050	417	1
4050	16154	7
4050	2652	2
4050	1485	1
4050	19508	2
4050	22248	1
4050	1719	3
4050	6850	1
4051	19764	1
4051	14322	1
4053	11376	1
4053	716	1
4053	13256	1
4053	5619	1
4056	20104	1
4056	8028	1
4056	6442	1
4056	5949	1
4057	228	1
4057	609	2
4057	16210	2
4057	613	2
4057	198	1
4057	632	2
4061	1961	2
4061	5146	1
4061	11172	1
4061	8673	1
4063	17625	1
4063	1632	1
4063	10849	1
4063	362	1
4063	17932	1
4070	7292	1
4070	3471	1
4070	2134	1
4070	2911	1
4073	2097	1
4073	194	1
4073	1632	1
4073	8242	1
4073	1031	2
4074	18938	1
4074	5511	1
4075	15114	1
4075	15507	1
4079	3767	1
4079	18734	1
4082	18252	1
4082	16213	1
4083	12863	1
4083	813	1
4091	8721	1
4091	3016	1
4091	10250	1
4091	7488	1
4092	971	1
4092	2153	1
4092	313	1
4092	9590	1
4093	3553	2
4093	1909	1
4093	17973	2
4095	6846	1
4095	23704	1
4097	1464	1
4097	1909	1
4099	5786	1
4099	2505	2
4099	11165	2
4100	1909	1
4100	14303	1
4100	379	1
4100	3118	1
4103	10	1
4103	18941	1
4103	754	1
4103	14327	1
4103	15716	1
4103	827	1
4103	4746	1
4106	3272	1
4106	827	2
4106	49	1
4107	1483	1
4107	12444	1
4107	187	1
4107	2556	1
4109	9741	1
4109	4133	1
4109	15282	1
4109	9778	1
4117	6825	3
4117	3471	1
4118	3819	2
4118	3165	1
4120	612	1
4120	948	2
4120	13827	1
4121	9104	1
4121	5294	1
4121	19631	1
4123	1959	1
4123	565	1
4123	5032	1
4124	8010	1
4124	6441	1
4126	9308	1
4130	9330	1
4131	1698	1
4131	15562	1
4131	3685	1
4133	5452	1
4133	15371	1
4133	7552	1
4133	470	1
4134	1710	1
4134	1288	1
4135	187	2
4135	1	1
4146	4633	1
4146	12293	1
4146	8419	1
4146	1875	1
4146	565	1
4146	4598	1
4147	2030	2
4149	13171	1
4150	20649	1
4157	5500	1
4157	1928	1
4160	3807	1
4162	8271	1
4162	7844	4
4162	2080	1
4162	6668	3
4162	1	6
4166	8271	1
4166	11189	1
4168	560	1
4168	1317	1
4168	1176	2
4169	476	1
4175	149	1
4175	13188	1
4175	20636	1
4175	1068	1
4177	294	2
4177	1930	1
4178	3837	2
4179	10637	1
4184	1286	2
4184	19	1
4187	98	1
4187	11257	1
4188	5443	1
4188	10431	1
4188	23392	1
4189	18603	1
4189	4609	2
4189	5146	1
4189	186	1
4189	3409	1
4189	10836	1
4189	12145	3
4189	3381	1
4189	469	1
4189	2042	1
4189	11095	2
4189	507	1
4190	49	1
4190	3272	1
4191	1371	1
4191	427	1
4193	19675	1
4193	19491	1
4193	1453	1
4193	8530	1
4198	9725	1
4198	9607	1
4199	384	1
4201	9879	1
4201	6210	1
4201	9010	1
4206	9998	1
4206	11645	1
4210	8694	1
4211	2770	3
4212	384	1
4212	1632	1
4212	17396	1
4213	12424	1
4213	513	1
4215	1367	1
4215	8444	1
4215	19764	1
4215	4843	1
4216	592	1
4216	2169	1
4216	4168	1
4216	8082	1
4219	1934	1
4219	10431	1
4221	4743	1
4221	5752	1
4221	1603	1
4221	494	1
4224	2162	1
4224	4572	1
4229	20072	1
4229	5152	1
4229	3973	1
4230	507	1
4230	7284	1
4230	5944	1
4230	5452	1
4236	14805	1
4236	3469	1
4236	17292	1
4236	23405	1
4237	11704	1
4237	6927	1
4237	22340	1
4240	8283	1
4240	494	1
4242	20601	1
4242	13367	1
4247	4573	2
4247	11097	1
4248	4133	2
4248	901	1
4249	5405	1
4252	6	2
4252	6669	1
4252	18203	1
4252	5143	1
4252	8280	1
4252	565	1
4252	470	1
4252	16290	1
4253	3980	1
4253	15868	1
4253	11258	1
4265	11896	1
4265	294	1
4265	8250	1
4265	853	1
4266	451	1
4266	1078	1
4266	55	1
4266	50	1
4274	14126	1
4275	7901	1
4281	468	1
4283	186	1
4283	1632	2
4283	567	1
4290	12228	1
4292	4865	1
4292	20006	1
4292	21438	1
4295	1	1
4295	18948	1
4295	5026	1
4296	522	1
4296	4742	1
4296	494	1
4299	3857	1
4299	5699	1
4299	21825	1
4302	3813	1
4302	1228	1
4302	17350	1
4306	6891	1
4306	6644	1
4306	6840	1
4306	626	1
4306	948	1
4306	16616	1
4306	21815	1
4311	6215	1
4312	5544	1
4312	228	1
4312	384	1
4319	1271	1
4319	1333	1
4324	98	1
4326	15763	1
4326	12867	1
4331	2878	1
4331	1031	1
4332	12861	1
4332	1609	1
4332	2401	1
4333	180	1
4333	15613	1
4335	313	2
4335	15334	1
4335	19452	1
4336	4080	1
4336	189	1
4337	15615	1
4337	1368	1
4338	1	1
4341	20648	1
4341	622	1
4341	4986	1
4342	848	1
4342	19161	1
4342	5452	6
4342	5972	5
4344	24981	2
4344	1286	1
4344	1363	1
4344	1176	1
4348	2153	1
4362	17298	1
4362	1031	1
4370	19	2
4370	14264	1
4370	22927	2
4370	10012	1
4370	8024	1
4370	10464	1
4370	3553	1
4372	738	1
4372	12752	1
4378	11705	1
4378	5300	1
4378	1073	1
4380	1	5
4380	10618	2
4380	6885	3
4380	177	3
4381	906	2
4381	3962	1
4382	228	1
4382	12866	1
4382	18848	1
4382	12157	1
4388	4518	1
4389	9299	1
4389	4835	1
4389	1788	2
4390	7775	1
4390	1365	2
4390	12572	1
4391	19	1
4391	4694	1
4391	632	2
4391	5413	2
4391	294	2
4391	5319	1
4391	5343	1
4392	6159	1
4392	5151	1
4392	6254	1
4394	667	1
4394	21946	2
4394	20276	1
4403	893	1
4403	12688	1
4403	13037	2
4403	3047	2
4403	224	1
4403	1345	1
4403	3601	1
4404	8310	1
4405	3614	1
4405	1959	1
4405	9306	3
4407	5628	1
4407	1100	1
4407	5369	1
4407	632	3
4408	4727	1
4409	1182	1
4409	422	1
4409	13846	1
4415	5306	1
4428	20785	1
4428	4193	1
4428	1228	1
4428	1	2
4430	6242	1
4430	4079	1
4433	2580	1
4433	6798	1
4433	979	2
4433	2118	1
4433	1345	2
4436	9402	1
4436	8542	1
4436	9590	1
4436	8776	2
4439	10869	1
4439	4080	1
4439	1465	1
4440	725	1
4443	1421	1
4443	1963	1
4443	11260	1
4443	477	1
4445	440	1
4445	4835	2
4445	149	1
4449	8994	1
4449	7129	1
4449	1484	1
4449	7275	1
4449	18605	1
4450	8105	1
4450	11710	1
4451	20145	1
4451	4728	1
4455	6	1
4455	501	1
4455	7094	1
4455	6836	1
4455	10780	2
4455	6869	1
4457	5083	1
4457	3807	1
4457	3022	1
4457	232	2
4458	3409	1
4458	2069	1
4459	5462	1
4459	6443	1
4460	149	1
4460	423	1
4460	3256	1
4460	11710	1
4461	3001	1
4461	7806	1
4467	906	1
4467	3826	2
4467	914	1
4471	3568	1
4471	19089	1
4474	6138	1
4475	667	1
4475	149	1
4477	15433	1
4477	1345	1
4479	4193	2
4479	8424	1
4479	1	1
4482	809	1
4482	1959	1
4482	5972	1
4485	6587	1
4494	3256	1
4494	2748	1
4496	667	1
4496	23255	1
4498	92	1
4498	16616	1
4498	1016	1
4500	1499	1
4500	2064	1
4502	1	1
4502	5243	1
4502	3819	1
4503	1217	1
4503	20778	1
4503	9851	1
4503	1383	1
4511	667	2
4511	18885	1
4514	10	1
4514	6138	2
4514	13932	1
4514	3118	2
4514	5369	1
4514	13627	1
4515	1568	1
4515	6736	1
4515	55	1
4524	15634	1
4524	12135	1
4528	6242	1
4528	12736	1
4528	3463	1
4528	488	1
4536	6210	1
4539	6060	1
4539	1334	1
4541	16123	1
4541	86	1
4541	1016	1
4544	422	1
4544	15655	1
4551	90	1
4551	89	1
4554	195	2
4554	6864	1
4554	20362	1
4554	6850	1
4557	1926	1
4557	86	1
4560	9062	1
4566	6443	1
4566	1909	2
4566	6144	1
4566	17469	1
4569	5403	1
4572	4723	1
4574	6638	1
4574	10837	1
4574	459	1
4580	11879	1
4580	3866	1
4582	612	1
4583	9608	1
4583	17073	1
4583	12752	1
4583	313	1
4585	2944	1
4587	1955	1
4587	8661	1
4587	15193	1
4587	6061	1
4589	294	2
4589	13478	1
4590	598	1
4590	8789	1
4590	11565	2
4590	8743	1
4602	8082	1
4602	5152	1
4616	17914	1
4619	24920	1
4619	22587	1
4619	4668	1
4619	11917	1
4627	1050	2
4640	186	5
4640	470	1
4642	23255	1
4642	11165	1
4643	974	1
4643	13871	3
4646	19764	1
4646	4879	1
4648	228	1
4653	7801	1
4653	21979	1
4653	2162	1
4653	17855	1
4656	147	1
4661	3415	1
4661	3381	1
4661	832	1
4661	15202	1
4663	6758	1
4663	11681	1
4663	1761	1
4671	13155	1
4671	3488	1
4673	17926	1
4674	1497	1
4674	20648	1
4674	186	2
4674	2221	1
4674	19508	1
4676	6874	1
4682	3352	1
4682	4966	2
4683	10423	1
4683	4602	2
4683	17599	1
4684	14847	1
4684	18732	1
4684	827	1
4694	1393	1
4694	17350	1
4694	4845	1
4694	20006	1
4694	10478	1
4698	186	1
4698	632	2
4699	725	1
4699	827	3
4699	13257	4
4700	14433	1
4700	17916	1
4700	3937	1
4704	462	1
4704	12866	1
4704	16180	4
4704	6407	1
4704	21620	1
4704	1050	1
4704	18479	1
4704	9105	1
4704	11255	1
4704	12246	1
4704	21980	1
4706	182	1
4706	6825	2
4713	1453	1
4713	1048	1
4724	8564	1
4724	9232	1
4724	11646	1
4724	8531	5
4728	7982	1
4728	469	1
4728	3543	1
4728	6636	3
4728	494	5
4730	56	1
4730	2062	1
4730	16571	1
4730	2839	1
4731	12003	1
4734	18884	1
4734	313	2
4734	15495	1
4734	10250	3
4740	12661	1
4740	13237	2
4743	1040	1
4743	501	1
4743	2078	1
4743	4739	1
4747	1198	1
4749	18006	1
4749	4077	1
4749	859	2
4752	294	2
4752	4992	1
4752	632	2
4753	18679	1
4753	10	2
4753	12424	35
4753	11095	1
4753	494	1
4753	13072	2
4753	12747	1
4753	1877	1
4757	1056	1
4757	2788	2
4758	667	1
4758	187	1
4759	9728	1
4761	20906	1
4761	13478	1
4766	9513	1
4770	565	1
4770	2120	1
4771	7084	1
4771	974	1
4772	1068	3
4772	12241	1
4772	1466	1
4775	4872	1
4775	1016	2
4780	13254	1
4780	18192	1
4780	13260	1
4791	11452	1
4792	186	1
4792	2065	1
4792	384	2
4793	3407	1
4793	3374	1
4793	8677	1
4795	3991	1
4795	1490	2
4795	6644	1
4795	17793	1
4799	3986	1
4799	8068	1
4799	1507	1
4799	1608	1
4799	398	1
4802	6477	9
4802	50	1
4802	1345	1
4805	7105	1
4805	3318	1
4814	2153	1
4815	6443	1
4815	1944	1
4815	1901	1
4819	228	1
4819	10	1
4822	16144	1
4822	9228	2
4828	827	1
4829	1075	1
4829	17023	1
4829	1307	1
4829	1766	1
4830	1468	1
4830	2547	1
4830	5456	1
4831	14527	1
4834	3561	1
4834	3940	1
4836	3767	3
4837	8025	1
4837	2065	1
4837	2042	1
4837	19589	1
4845	4195	1
4845	2045	1
4845	1	2
4850	2667	1
4850	18884	1
4850	313	1
4850	21624	1
4854	18130	1
4854	16732	1
4855	7109	1
4855	12	1
4858	16661	1
4858	5339	1
4861	11339	1
4861	5568	1
4861	2143	1
4862	21399	1
4862	13925	1
4865	468	1
4865	17592	1
4865	494	1
4869	294	1
4872	9119	1
4872	1447	1
4872	13264	1
4872	1442	1
4875	4609	1
4882	3415	1
4882	3980	1
4882	16504	1
4885	17701	4
4885	4069	1
4885	5965	1
4895	8271	1
4895	9660	1
4895	8687	1
4895	948	2
4895	3502	1
4895	18878	1
4895	1499	2
4895	5	1
4895	2543	2
4897	3552	1
4897	1846	1
4900	3863	1
4900	149	2
4900	1383	1
4904	613	1
4904	1846	1
4904	3281	1
4906	5786	1
4912	14811	1
4912	494	1
4913	6159	1
4913	468	1
4913	384	1
4914	4682	1
4914	2543	1
4917	2118	1
4922	3685	1
4927	186	4
4927	2640	1
4927	8279	1
4928	6299	1
4928	2801	2
4928	3725	1
4928	827	1
4928	731	1
4928	14904	1
4928	3837	1
4928	3251	1
4928	1426	1
4928	7526	1
4928	2802	1
4928	714	3
4929	21601	2
4929	9083	1
4929	15716	1
4931	1945	1
4931	14277	4
4931	18556	1
4931	2077	1
4932	228	1
4932	1863	1
4932	11896	1
4932	22927	1
4932	19929	1
4937	860	1
4940	8357	1
4940	3272	1
4941	11369	2
4946	7775	1
4946	22760	1
4946	494	1
4952	4609	1
4952	2878	2
4953	26493	1
4953	16577	1
4953	8667	1
4954	16768	1
4954	1952	1
4954	187	2
4954	3660	1
4957	1583	1
4957	3688	1
4957	20719	1
4962	2860	1
4962	2846	1
4962	9583	1
4963	13193	1
4963	5770	1
4964	1345	1
4964	1031	1
4964	4901	1
4968	699	1
4968	827	1
4968	5635	1
4970	10868	1
4970	11260	1
4972	10919	1
4972	14353	1
4975	4668	1
4975	11930	1
4975	15897	1
4976	3592	1
4976	1455	1
4978	1589	1
4978	10023	1
4978	3690	1
4984	12781	1
4984	8068	2
4984	8028	2
4984	10849	1
4984	22930	1
4984	8674	1
4994	617	1
4996	4523	1
5004	3619	1
5004	17590	1
5010	5752	4
5010	373	1
5010	67	1
5010	477	2
5011	3581	3
5013	1916	1
5013	98	1
5013	459	2
5013	18936	1
5017	2998	1
5017	181	1
5017	18708	1
5024	1016	1
5025	313	1
5025	10558	1
5025	21624	1
5025	4448	1
5030	2651	1
5035	4700	1
5036	19	1
5036	18684	1
5038	17073	1
5038	7898	1
5038	3746	1
5039	565	1
5039	1719	1
5039	13070	1
5039	622	1
5046	2120	1
5046	10	1
5046	1490	1
5051	1351	3
5051	417	1
5054	7275	1
5054	470	1
5054	13932	1
5060	1931	1
5060	13842	1
5060	86	1
5060	1333	1
5060	10846	1
5060	18203	1
5061	1900	1
5061	3976	1
5065	16820	1
5065	1949	1
5065	810	1
5065	2182	1
5071	4319	1
5071	17925	1
5071	21248	1
5077	19675	1
5077	308	2
5079	9647	1
5079	513	1
5081	9718	1
5082	12241	2
5082	4193	3
5082	10182	1
5082	4108	1
5082	16290	1
5083	7292	1
5083	15643	1
5083	12159	1
5083	294	1
5083	19589	1
5083	632	2
5083	20905	2
5083	3660	1
5085	76	1
5085	12217	1
5093	24981	2
5093	11681	2
5093	21255	2
5093	5212	1
5094	21946	2
5094	765	1
5094	1483	1
5094	20505	1
5094	11143	2
5097	14465	1
5098	180	1
5098	7278	1
5098	767	1
5098	4756	1
5098	2420	1
5098	2556	1
5101	14847	1
5101	7834	1
5105	18708	1
5107	4692	2
5107	21125	1
5107	612	1
5111	16531	1
5113	8266	2
5113	469	1
5113	198	1
5116	4743	1
5116	4080	1
5116	948	1
5116	859	1
5116	470	1
5125	8266	1
5125	11143	1
5125	1904	1
5129	294	1
5129	1922	1
5129	494	1
5132	1	1
5132	14012	1
5133	19764	1
5133	9868	1
5137	1334	1
5137	5966	1
5137	384	1
5137	10371	1
5137	586	1
5142	5220	1
5142	6929	2
5142	1277	1
5144	1909	2
5144	15465	3
5146	8655	1
5146	16825	1
5146	2074	1
5146	10574	1
5146	2638	1
5147	186	2
5147	3719	2
5147	12852	1
5148	22273	1
5148	88	1
5148	90	1
5148	89	1
5149	565	1
5149	15612	1
5149	5928	1
5149	1875	1
5150	189	1
5150	3987	1
5150	2721	2
5151	12130	1
5154	86	1
5154	21125	1
5159	846	1
5159	5452	1
5159	8992	1
5160	6758	4
5160	1314	1
5160	20006	1
5160	7585	1
5160	1755	1
5164	15523	1
5164	17298	1
5164	461	1
5164	4113	1
5168	20783	2
5168	3813	2
5172	14491	1
5172	228	1
5172	751	1
5172	22613	1
5173	8562	1
5173	1961	1
5173	747	1
5173	494	1
5173	8734	1
5178	3016	2
5178	313	2
5179	469	1
5179	470	1
5184	5265	1
5184	1423	1
5187	1451	1
5187	6904	5
5187	5619	1
5187	1454	1
5187	10883	1
5187	2252	1
5187	15282	1
5190	5409	1
5190	7685	1
5190	4584	1
5190	1607	1
5190	10132	1
5194	3621	1
5194	6904	1
5195	3667	1
5195	13259	2
5197	9694	5
5197	7615	1
5197	3338	5
5204	4872	1
5204	4878	1
5204	20784	1
5204	17203	1
5204	12	1
5204	10478	1
5206	126	1
5206	413	1
5213	18568	1
5213	4115	1
5213	1603	1
5213	2042	1
5213	4982	1
5215	2177	2
5217	20903	1
5217	7134	1
5217	3001	1
5221	5083	1
5221	7541	1
5221	2147	1
5228	587	2
5228	6798	1
5228	2878	1
5229	7300	1
5229	18477	1
5229	2556	1
5233	1057	1
5233	1048	1
5238	3351	1
5238	8662	1
5241	18235	1
5244	18601	1
5244	14527	1
5244	2399	2
5245	9139	1
5245	738	1
5246	9543	1
5255	198	1
5257	13836	1
5257	18941	1
5257	7803	1
5258	13264	2
5258	695	2
5258	7685	1
5258	3613	1
5263	2143	1
5263	2758	1
5270	17206	2
5270	1080	1
5274	2439	1
5274	1321	1
5274	11232	4
5274	948	1
5275	5568	1
5275	5371	1
5275	632	1
5275	232	1
5277	224	1
5277	2030	1
5277	12	1
5283	3362	1
5283	1933	1
5283	313	1
5283	8734	2
5283	9602	3
5284	1931	1
5284	294	2
5284	14264	1
5284	2074	1
5285	22587	1
5285	7387	1
5286	19245	1
5286	627	1
5286	86	1
5286	8285	1
5286	12888	1
5286	1877	1
5290	3991	1
5290	18603	1
5290	14032	1
5290	18006	1
5290	469	1
5290	7552	1
5298	8530	2
5298	18884	1
5298	294	1
5298	3654	1
5299	10883	1
5299	20905	1
5299	1440	1
5302	4824	1
5305	1632	2
5305	286	1
5308	13825	1
5308	494	1
5308	16661	1
5309	469	1
5309	18550	1
5309	2944	1
5310	469	1
5310	7553	1
5310	2137	1
5310	19250	1
5310	15706	1
5310	6262	1
5310	11434	1
5310	19528	1
5315	3700	4
5315	233	1
5315	4609	1
5315	232	2
5316	2878	1
5317	3978	1
5317	10849	1
5320	23471	1
5320	23503	1
5320	9285	1
5320	23473	1
5320	15867	1
5321	7157	1
5321	4742	1
5321	2153	1
5321	2991	2
5321	7819	1
5321	481	1
5331	459	1
5331	6864	1
5331	3987	1
5331	1952	1
5331	10074	1
5331	15869	2
5335	1901	1
5335	3973	2
5335	1483	1
5335	4167	1
5335	1931	1
5335	1466	2
5335	2062	1
5335	738	1
5335	12663	4
5335	1878	3
5335	5471	1
5335	574	1
5335	9133	2
5335	8419	1
5335	4603	1
5335	851	6
5335	15507	1
5335	187	3
5335	2554	2
5335	8238	1
5335	3469	1
5337	10	2
5337	1632	1
5337	470	1
5339	1882	1
5339	20905	1
5339	579	1
5341	2642	1
5341	17469	1
5341	7488	3
5345	6729	1
5345	1949	1
5345	18681	1
5345	18732	1
5345	3619	1
5346	9067	1
5346	3955	1
5346	387	1
5347	11890	1
5347	7912	1
5347	632	3
5348	7157	1
5348	20906	1
5349	8786	1
5349	15692	1
5349	9590	1
5349	23503	1
5350	3767	1
5350	6809	2
5350	9521	1
5355	2456	1
5355	2943	1
5355	16034	1
5355	2376	1
5355	8420	2
5361	7775	1
5361	18226	1
5363	8072	1
5363	2141	1
5363	948	1
5364	9660	1
5372	14353	1
5372	11369	1
5376	667	1
5376	20508	1
5376	1368	1
5379	448	1
5379	417	1
5379	3808	1
5385	224	1
5385	12	1
5385	494	1
5385	3962	1
5387	5339	1
5387	11932	1
5387	3118	1
5390	4886	1
5390	1988	1
5390	9881	1
5391	2640	2
5391	2709	1
5391	232	1
5396	21227	1
5396	12572	1
5397	3783	1
5397	1909	2
5398	20778	1
5398	16040	1
5398	5300	2
5406	1321	2
5406	198	1
5406	494	1
5407	587	1
5407	19	1
5407	5592	1
5409	17203	3
5409	303	1
5416	21227	1
5418	2788	1
5422	1916	1
5422	10012	1
5422	3368	1
5422	18490	2
5422	1910	1
5422	2169	1
5422	1952	1
5422	11898	1
5424	3035	1
5424	186	3
5424	7387	1
5424	7990	1
5428	565	1
5428	6669	1
5433	1426	1
5433	1454	2
5433	5612	2
5441	5777	1
5443	12	2
5445	21956	1
5445	19716	1
5445	2709	1
5445	476	1
5445	1465	1
5450	8661	1
5450	8238	1
5450	5154	1
5452	2839	1
5454	384	1
5454	738	1
5455	198	2
5455	3866	3
5459	5026	1
5459	18948	1
5460	667	1
5461	3818	1
5461	1458	1
5461	1447	1
5467	5619	1
5467	1454	1
5469	16040	1
5469	18226	1
5469	11710	1
5473	2428	1
5473	5142	1
5473	5972	2
5473	461	1
5474	10600	1
5474	16213	1
5474	19055	2
5475	5664	1
5475	11461	1
5475	15193	1
5475	1	1
5475	2790	2
5476	7471	1
5476	3485	1
5476	1934	1
5476	1	1
5476	3426	1
5480	49	1
5480	6601	1
5485	8581	1
5485	7490	1
5485	20673	1
5485	7488	1
5489	3635	1
5492	18645	1
5492	5209	1
5492	16820	2
5492	19631	1
5492	10470	1
5492	1176	1
5493	11890	1
5493	9725	1
5498	14847	1
5498	7834	1
5500	5752	1
5501	1275	1
5501	3694	1
5512	8041	1
5512	4130	1
5513	3050	1
5515	3577	1
5520	10012	1
5520	17251	1
5522	6884	1
5522	6529	1
5523	1589	1
5523	25227	2
5523	14123	1
5552	22018	1
5552	1919	1
5552	2911	1
5552	1	2
5553	6151	1
5553	198	1
5553	696	1
5553	2542	1
5555	1934	1
5555	18533	1
5555	6441	1
5557	6299	1
5557	520	1
5557	696	1
5557	9543	1
5557	20106	1
5559	177	1
5559	13574	1
5562	14303	1
5562	27370	1
5568	228	2
5568	827	2
5568	14086	1
5569	9584	1
5571	1961	1
5571	2554	1
5571	737	4
5571	3493	2
5571	3471	1
5578	9065	1
5578	4584	1
5579	475	2
5579	5633	1
5579	494	2
5582	233	1
5582	6638	1
5582	180	1
5582	2401	1
5584	469	1
5584	8318	1
5586	1928	1
5586	8012	1
5594	189	1
5594	4062	1
5598	7580	1
5598	10012	1
5598	1490	1
5598	313	1
5604	98	1
5604	2547	1
5604	13184	1
5612	7538	1
5612	14327	1
5612	14185	1
5612	15869	1
5618	3052	2
5619	769	1
5620	186	2
5620	233	2
5620	14304	1
5628	2552	1
5628	2375	1
5629	18375	10
5629	15634	1
5633	4126	1
5633	604	1
5633	5346	1
5634	1931	1
5634	14327	1
5634	27522	1
5638	1717	1
5638	2109	1
5641	1351	1
5641	11704	1
5641	9296	1
5641	1371	1
5641	1422	1
5648	459	1
5648	2065	1
5648	1886	1
5648	3972	1
5648	5464	1
5652	3502	1
5652	7284	1
5657	20083	1
5664	224	1
5665	1968	2
5665	4752	1
5665	8661	2
5665	2642	1
5665	10846	2
5665	1930	1
5665	11387	1
5667	5786	1
5667	12790	1
5667	8530	1
5668	22340	2
5669	4620	1
5669	15606	1
5669	16507	2
5682	8419	1
5682	1617	1
5682	15334	2
5689	5294	1
5689	9869	1
5689	4878	1
5690	3972	1
5692	1893	1
5692	8357	1
5692	8318	1
5696	725	1
5699	18490	1
5699	8250	1
5699	5153	1
5703	1498	1
5703	195	4
5703	1909	1
5704	3837	1
5704	11460	1
5704	12756	2
5704	14503	1
5706	7844	2
5706	563	1
5709	3621	1
5709	7786	1
5711	13957	1
5711	22587	1
5711	10653	1
5711	4698	1
5712	180	1
5712	4729	1
5712	15334	2
5712	3744	1
5712	11470	1
5712	2556	2
5712	11436	1
5715	1446	1
5715	17768	1
5716	228	1
5716	8543	1
5716	10	1
5720	8674	1
5720	18477	1
5722	3669	1
5722	5614	1
5723	2386	2
5723	198	1
5723	186	1
5723	15634	3
5723	632	1
5723	18206	1
5723	4693	1
5727	1501	1
5727	18606	2
5727	15371	1
5727	17590	1
5729	6443	1
5731	1465	1
5731	15877	1
5736	20966	1
5736	3858	1
5743	5350	1
5746	809	1
5746	757	2
5746	15119	1
5746	1863	1
5746	1503	1
5746	22613	1
5746	1719	1
5747	721	1
5747	1050	5
5748	228	2
5748	224	1
5748	9728	1
5749	14117	1
5749	186	1
5749	3135	2
5749	5887	2
5749	1123	1
5749	11715	1
5750	7471	1
5750	6636	1
5756	6260	2
5756	16981	1
5761	3341	2
5761	6891	1
5761	10431	1
5771	19981	1
5772	19456	1
5772	1900	1
5772	187	1
5777	2456	1
5777	186	2
5777	14271	1
5777	18502	1
5777	1490	1
5778	906	1
5778	7998	1
5778	11916	1
5778	5886	1
5778	4132	1
5779	194	1
5779	2085	1
5783	16578	1
5783	186	4
5783	19508	1
5784	1446	1
5784	18699	1
5784	1066	1
5787	4729	1
5787	27522	1
5787	632	1
5787	4130	1
5789	195	1
5789	2250	2
5789	4168	1
5794	4865	1
5802	10848	2
5802	610	1
5802	2449	1
5804	3981	2
5807	1632	1
5807	12	1
5813	15191	1
5813	3770	1
5816	15619	1
5816	4871	1
5818	469	1
5818	2248	1
5818	1506	1
5822	98	1
5822	8499	1
5822	9477	1
5822	3001	1
5831	4868	1
5831	5265	1
5831	4834	1
5831	20003	1
5831	8467	1
5831	17203	1
5840	19	1
5840	4168	1
5841	2795	1
5841	5659	1
5841	1447	1
5845	17596	1
5845	9715	1
5845	19245	1
5845	198	1
5845	21852	1
5845	18479	1
5845	24344	1
5845	15699	1
5845	17752	1
5845	1877	1
5846	3488	1
5846	494	1
5846	8687	1
5856	18479	1
5856	470	1
5856	9105	1
5857	1100	1
5857	9172	1
5865	8602	1
5865	11710	1
5865	1615	1
5865	2651	1
5877	440	2
5877	19	1
5878	5752	1
5882	194	1
5882	7806	1
5884	10574	1
5884	4168	1
5884	19456	1
5888	8636	1
5888	8242	1
5889	10674	1
5889	24903	1
5889	233	1
5889	9172	1
5889	9173	1
5891	8543	1
5891	4826	1
5892	1076	1
5892	7598	28
5896	1698	1
5897	827	1
5897	1271	1
5906	1065	2
5906	3636	1
5906	9945	1
5906	731	8
5906	1454	1
5912	19125	1
5912	20884	1
5914	12	1
5914	98	1
5914	11411	1
5914	4609	1
5918	8235	1
5922	10868	1
5922	21745	1
5922	22248	1
5936	3962	1
5936	1058	1
5936	6392	1
5936	9204	1
5936	1040	1
5939	2753	1
5939	4609	1
5939	5089	1
5939	564	1
5939	699	1
5939	595	1
5943	17292	1
5943	19452	1
5949	1073	1
5949	4834	1
5950	2993	1
5950	511	1
5965	9306	1
5965	1632	1
5965	1464	1
5965	7488	1
5973	1909	1
5977	906	1
5977	19	1
5977	9725	1
5978	9731	1
5978	632	6
5982	3864	1
5983	14836	1
5983	3414	7
5983	8084	1
5983	11103	1
5983	1	2
5983	3350	1
5984	7923	2
5985	3415	1
5985	9287	1
5985	632	1
5985	1	1
5985	18876	1
5990	3650	1
5990	1501	1
5990	1846	2
5990	1603	1
5990	481	1
6001	15495	1
6001	8782	1
6001	22803	1
6001	9583	1
6001	20585	1
6001	7488	2
6005	7538	1
6005	18939	1
6005	22577	1
6006	6258	2
6006	5740	1
6010	5153	1
6010	16135	1
6020	699	1
6020	9088	1
6032	9881	1
6032	5699	1
6032	1217	1
6032	1394	1
6032	16817	1
6032	11710	1
6035	4877	1
6035	16040	1
6037	50	2
6037	724	1
6037	3724	1
6037	5410	1
6037	1066	2
6043	1795	1
6044	6661	1
6044	632	1
6045	17337	1
6045	918	1
6045	9879	2
6046	6257	1
6046	4195	1
6046	86	1
6052	12427	1
6052	2633	1
6052	4132	1
6054	3137	1
6054	3822	1
6058	2914	1
6058	16441	1
6058	1031	1
6063	5518	1
6063	2421	1
6063	294	1
6066	1961	3
6066	4080	1
6066	2380	1
6066	1925	1
6073	177	2
6073	2396	1
6074	17602	1
6074	476	1
6074	8022	1
6074	494	2
6074	4598	1
6074	17288	1
6074	3004	1
6080	394	1
6080	8249	1
6084	906	1
6084	3822	1
6084	5369	1
6088	567	1
6088	2118	1
6088	17914	1
6089	194	1
6089	12	1
6090	16441	1
6090	2208	1
6090	207	1
6092	11710	1
6092	18235	1
6096	4098	1
6096	3989	1
6098	9725	1
6102	6643	1
6103	12995	1
6114	5195	1
6114	1717	2
6114	1727	1
6117	149	2
6117	384	1
6121	2491	1
6134	24577	2
6134	3684	4
6134	1776	1
6135	379	1
6136	446	1
6137	1277	1
6137	5234	2
6137	3685	2
6137	224	1
6140	8453	1
6144	7685	2
6156	5668	1
6156	3840	1
6156	5149	1
6156	5614	1
6156	1501	1
6160	13975	1
6160	1	1
6165	5668	2
6165	12159	2
6165	16997	1
6165	8672	1
6168	10	1
6168	7553	2
6168	11242	1
6168	86	1
6168	1345	1
6168	50	1
6168	7990	2
6169	3321	1
6169	3864	1
6170	228	1
6170	7903	1
6170	186	3
6170	16554	1
6170	63	1
6170	2062	1
6170	9473	1
6170	494	1
6170	16128	1
6177	6905	1
6181	11380	1
6181	3649	1
6186	1351	1
6186	3751	1
6186	1365	1
6186	410	3
6193	5438	2
6196	9725	1
6196	3118	1
6197	1333	1
6199	1893	1
6199	194	1
6201	5916	1
6202	4115	1
6202	460	1
6202	20966	1
6202	9871	1
6202	2633	1
6202	13842	1
6202	23987	1
6207	891	1
6207	893	3
6209	206	1
6209	2203	1
6216	1829	1
6216	9002	1
6216	22135	1
6216	458	1
6222	494	1
6222	4737	1
6222	1447	1
6222	5552	1
6225	10558	1
6226	1931	1
6226	2134	1
6226	494	2
6226	23688	1
6226	4108	1
6226	3651	1
6226	18601	1
6228	8876	1
6231	224	3
6231	12	2
6233	20	1
6233	632	1
6235	3317	2
6236	1741	2
6236	7585	1
6237	6144	1
6237	470	2
6239	1342	1
6239	4133	1
6239	9778	1
6243	906	1
6243	21675	1
6243	4609	1
6244	9881	1
6244	7590	2
6244	5410	1
6244	3618	1
6244	4835	1
6244	4878	1
6244	1423	1
6244	827	1
6248	857	1
6248	3940	1
6248	3838	1
6248	1431	1
6249	186	1
6249	12	1
6249	17925	1
6251	2638	1
6253	7912	1
6253	3123	1
6257	5928	1
6257	832	1
6258	507	3
6258	610	1
6261	16504	1
6261	16664	1
6261	2441	2
6268	8090	1
6268	9489	1
6268	180	1
6268	737	1
6274	827	1
6274	3280	1
6274	3581	1
6275	8242	1
6277	4609	3
6277	91	1
6277	1949	1
6277	17701	1
6277	14270	1
6277	224	2
6277	7422	1
6281	7903	1
6281	3001	1
6281	10865	1
6283	4346	1
6283	86	1
6283	180	1
6284	186	2
6291	3807	1
6291	858	1
6292	757	1
6293	667	1
6293	14920	1
6293	632	2
6293	4350	1
6295	16578	1
6295	622	1
6310	15711	1
6313	2412	1
6313	10182	1
6313	461	1
6323	3536	1
6323	2491	1
6323	15495	1
6323	3016	1
6326	15193	1
6326	1490	1
6328	3619	1
6336	17309	1
6336	24493	1
6336	8242	1
6336	9285	2
6339	1459	2
6339	11460	1
6340	384	1
6340	16733	1
6345	7947	1
6345	632	2
6352	6144	1
6352	189	3
6352	13070	4
6356	7114	1
6369	2120	1
6369	571	1
6377	8912	1
6377	18502	1
6377	19055	1
6384	8453	1
6387	3277	1
6387	3660	1
6387	5403	1
6392	3568	1
6392	5641	1
6392	695	2
6394	9552	1
6394	294	1
6394	13269	1
6399	5346	1
6405	22930	1
6405	20585	1
6405	3016	1
6405	11567	1
6409	186	4
6409	4420	1
6411	18436	1
6411	9543	1
6417	451	1
6417	14123	1
6417	294	1
6421	1761	1
6421	1710	2
6421	24577	2
6421	5212	1
6426	7596	1
6428	198	1
6428	8465	1
6428	3619	1
6430	3751	1
6430	384	3
6430	9482	1
6440	3001	1
6440	8419	1
6440	19589	1
6444	11850	1
6444	13683	1
6444	1909	1
6448	2796	1
6451	10559	1
6451	86	1
6451	6389	1
6451	9204	1
6452	86	1
6452	7463	1
6452	7786	1
6455	17073	1
6460	294	1
6460	5032	1
6460	827	2
6461	3653	1
6462	9330	1
6462	5343	1
6471	24928	2
6471	2878	1
6471	1609	1
6480	1766	1
6480	9631	1
6482	12524	1
6482	19249	2
6482	17292	1
6485	1719	1
6485	3830	1
6485	1050	2
6486	3257	1
6486	3857	1
6486	9874	1
6486	7598	7
6487	6736	1
6488	4062	1
6489	198	3
6489	20003	1
6492	21219	1
6492	86	3
6492	1568	1
6492	15465	1
6492	3542	1
6492	2085	1
6494	4835	1
6494	1741	1
6494	2143	1
6499	17973	1
6500	1345	1
6502	2998	1
6502	3988	1
6502	3997	1
6502	18564	1
6508	228	1
6508	177	1
6508	795	1
6508	501	1
6508	206	1
6509	2252	1
6513	3407	1
6513	1596	3
6513	3408	1
6513	3651	1
6513	614	1
6514	1441	1
6514	5631	1
6521	795	1
6521	206	1
6522	724	2
6522	2120	1
6522	1050	1
6526	1583	1
6526	9869	1
6527	7901	1
6527	1031	1
6528	4992	1
6529	19	3
6529	3591	1
6529	224	1
6530	3783	1
6530	294	1
6530	1896	1
6530	1504	1
6534	7105	1
6535	3577	1
6535	8232	1
6535	3568	1
6538	6443	1
6538	1944	1
6538	4727	1
6538	8238	1
6539	8531	1
6539	1270	2
6539	13367	1
6540	1423	1
6540	7885	1
6540	4848	1
6542	592	1
6542	2397	1
6542	15284	1
6542	4606	1
6545	3940	1
6545	18473	1
6545	1431	1
6545	1040	1
6554	3650	1
6554	5	1
6554	17573	1
6554	4717	1
6558	1	1
6558	25996	1
6558	494	1
6560	1358	1
6560	16732	1
6560	16733	1
6560	17853	1
6569	5282	4
6569	3326	1
6573	8659	1
6573	2993	2
6573	1886	1
6573	2120	1
6576	458	1
6576	398	1
6577	10868	1
6577	8878	1
6577	8012	1
6578	3621	1
6578	16267	1
6580	1275	1
6580	4021	1
6586	18497	1
6586	494	1
6586	20104	3
6587	7595	1
6589	9720	1
6589	8565	1
6589	8041	2
6589	10648	1
6590	7541	1
6590	14257	1
6590	6258	1
6590	8022	1
6590	9475	1
6594	348	1
6594	3137	1
6595	2998	1
6595	8015	1
6595	195	1
6601	3415	1
6601	16825	1
6601	8357	1
6601	2080	1
6601	1928	1
6601	461	1
6601	8906	1
6605	14620	1
6606	494	3
6607	842	1
6607	377	1
6607	488	1
6628	11143	1
6628	3936	1
6644	143	1
6644	402	1
6648	1057	1
6653	9715	2
6657	8877	3
6663	6884	1
6663	7538	1
6663	4518	1
6663	186	1
6663	384	1
6663	494	2
6665	2376	1
6665	1487	1
6666	22144	1
6666	667	2
6666	5511	1
6666	10015	1
6668	974	1
6668	3536	1
6670	567	1
6670	384	2
6670	1504	2
6673	8444	1
6673	7592	1
6673	417	1
6673	1372	1
6675	667	3
6675	19412	1
6675	11646	1
6675	9428	1
6675	7114	1
6675	10558	1
6676	8366	1
6676	18708	1
6676	12847	1
6677	10440	1
6679	5654	1
6679	1065	1
6679	5410	1
6683	6891	1
6683	4193	1
6683	10836	1
6684	5786	1
6684	5791	1
6684	18884	1
6684	9402	1
6684	15485	1
6684	6711	1
6685	13957	1
6685	604	1
6685	632	2
6685	1949	1
6687	632	1
6687	198	2
6690	501	2
6690	1470	1
6690	1466	1
6690	494	1
6690	16506	1
6691	11567	1
6691	598	1
6691	3016	1
6691	8776	1
6691	16145	1
6692	186	2
6694	149	2
6694	1195	1
6694	3864	1
6695	14866	1
6695	7901	1
6695	6929	1
6695	11681	1
6695	21255	1
6695	449	2
6695	3317	2
6719	15118	1
6719	388	1
6719	5740	1
6719	15763	1
6723	228	1
6723	4732	1
6723	10993	1
6723	3719	1
6746	1260	1
6758	1846	2
6758	15762	1
6763	5659	1
6763	5614	1
6763	8517	1
6763	1031	1
6766	186	1
6766	4345	1
6766	511	2
6767	3832	2
6767	9945	1
6767	5403	1
6771	23104	1
6771	10250	2
6775	6885	1
6775	4347	1
6781	5075	1
6781	3035	1
6781	2770	1
6792	4355	1
6792	3866	1
6797	17001	1
6797	17599	1
6797	19649	1
6797	853	1
6799	22576	1
6799	224	1
6799	12	1
6801	16732	1
6801	313	1
6802	20797	1
6803	19417	1
6803	3016	1
6803	4826	1
6805	2391	1
6805	194	2
6805	5495	1
6808	10464	1
6808	3496	1
6808	4193	2
6817	19883	1
6817	4609	2
6817	224	3
6819	20505	1
6819	632	1
6819	20190	1
6820	16732	1
6820	16733	1
6820	8318	1
6824	14102	1
6829	417	3
6829	1393	1
6829	5281	1
6829	1371	2
6834	9330	1
6834	3118	1
6834	7084	1
6836	25996	1
6836	832	1
6836	11239	1
6844	195	1
6844	8079	1
6844	565	1
6844	3338	1
6847	17811	1
6847	232	1
6849	8565	2
6849	12790	1
6849	1078	1
6853	4518	2
6853	5533	1
6855	10	1
6855	384	1
6855	3554	1
6857	1880	1
6857	1901	4
6857	15110	1
6861	10452	1
6861	2401	1
6861	8253	1
6862	667	1
6862	5082	1
6868	2946	1
6868	20906	1
6872	3355	1
6872	7552	1
6872	462	1
6874	5518	1
6874	509	1
6874	149	1
6874	856	1
6874	21601	1
6874	2998	1
6874	494	3
6874	2642	1
6876	228	2
6876	1	1
6877	7300	1
6878	8721	1
6884	7611	1
6885	13193	1
6885	979	1
6890	2487	1
6890	11167	1
6890	2505	1
6891	189	1
6894	567	1
6894	15877	1
6900	2748	1
6900	5319	2
6900	10558	1
6900	10648	2
6905	3123	1
6905	4128	1
6905	993	1
6907	501	1
6907	4965	1
6910	1437	1
6910	1260	1
6916	16267	2
6916	15458	1
6920	1317	1
6920	3705	1
6920	5282	1
6920	1710	1
6921	834	1
6921	23473	2
6921	313	1
6921	3016	1
6921	8776	1
6921	20585	2
6921	4826	1
6921	9403	1
6924	10653	1
6924	3118	1
6924	9173	1
6925	8072	1
6925	22429	1
6925	1603	1
6925	16616	1
6925	15465	2
6936	9482	1
6936	1603	1
6938	7930	1
6938	19764	1
6938	18424	1
6938	1176	2
6940	6296	2
6941	9884	1
6941	17086	1
6942	459	1
6942	4345	2
6942	4869	1
6944	501	1
6944	15119	1
6944	16210	1
6946	8565	1
6949	993	1
6949	954	1
6950	9621	7
6950	461	1
6967	3978	1
6967	17853	1
6968	23207	1
6968	2431	1
6968	14012	2
6968	9286	1
6968	294	1
6968	18903	1
6968	2652	1
6968	14327	1
6971	5089	1
6972	667	1
6972	4134	2
6972	918	1
6973	8467	1
6973	3931	1
6973	1345	2
6974	1460	1
6974	3830	1
6980	20003	1
6980	9839	1
6984	3035	1
6984	4684	1
6988	3123	1
6988	3135	1
6997	8791	1
6997	1487	1
6997	667	1
6997	86	1
6997	1846	2
6997	16563	1
7000	7982	1
7000	4193	1
7000	4195	1
7000	2394	1
7010	827	1
7010	3613	1
7012	228	1
7012	1498	1
7013	20496	1
7013	12147	1
7018	15288	1
7026	9728	2
7026	5369	1
7026	2085	1
7028	2936	2
7028	17073	1
7028	808	2
7042	18946	1
7043	5075	1
7043	198	1
7043	2667	1
7043	15495	1
7047	384	1
7047	634	1
7047	10648	1
7048	4167	1
7048	5032	1
7049	5628	2
7049	1100	1
7049	3822	2
7055	228	1
7055	667	2
7058	501	1
7058	1176	1
7058	402	1
7059	228	1
7059	1632	2
7066	19789	1
7066	9294	1
7066	2943	1
7066	2401	1
7066	3415	1
7071	1829	1
7071	1321	1
7074	11448	1
7074	2074	1
7074	6159	1
7074	2943	1
7074	501	1
7075	24903	1
7075	496	1
7075	4132	1
7076	15615	5
7096	20003	1
7096	3810	1
7100	9731	1
7100	9167	1
7107	22429	1
7107	20673	1
7107	2944	1
7107	20697	1
7108	11907	1
7108	4126	1
7108	5339	1
7113	6860	1
7113	12241	1
7113	13683	1
7116	1757	1
7116	3321	1
7117	15454	1
7117	17292	1
7119	1460	2
7119	2638	1
7119	14086	1
7123	2667	1
7123	1421	1
7123	207	1
7123	1333	1
7128	10423	2
7128	3415	1
7128	2946	1
7134	9609	1
7134	9416	1
7134	313	1
7134	8743	1
7135	11255	1
7135	6252	1
7135	5136	1
7135	10440	1
7135	16661	1
7141	565	1
7141	2633	1
7142	189	1
7142	2250	1
7142	6144	1
7144	98	1
7144	459	1
7144	8776	1
7144	1	1
7144	20585	1
7144	23503	1
7149	699	1
7151	459	1
7151	9062	1
7152	8581	1
7155	3635	1
7157	4835	2
7163	198	2
7163	9307	1
7163	23181	1
7163	1490	1
7169	8556	1
7169	494	1
7170	3660	1
7170	13434	1
7171	5131	1
7171	5032	1
7177	9608	1
7177	9228	1
7179	6144	1
7179	180	1
7183	1917	1
7187	4742	2
7187	5467	1
7187	1947	1
7188	3972	1
7188	186	1
7188	10653	1
7200	1440	1
7200	1048	2
7206	11888	1
7206	4682	1
7214	4449	1
7214	833	1
7214	9587	1
7219	1777	1
7219	12735	1
7219	11930	1
7221	3126	1
7227	15005	1
7229	1048	1
7229	519	1
7229	2795	2
7229	2797	1
7229	49	1
7229	3613	1
7233	338	1
7235	377	2
7235	9286	1
7235	7903	1
7235	13823	1
7235	8464	1
7240	1898	1
7240	468	1
7241	22587	1
7241	5353	1
7251	937	2
7251	9869	2
7254	5318	1
7254	667	1
7254	224	1
7256	4675	2
7256	4699	1
7259	86	1
7259	20300	1
7261	1885	1
7261	467	1
7261	4742	2
7266	9599	1
7268	12524	1
7268	294	1
7268	7553	1
7277	1176	1
7277	6173	1
7287	8902	1
7288	17615	1
7293	1321	1
7293	1757	1
7296	16768	1
7299	11255	1
7301	90	1
7301	91	1
7301	89	1
7302	6170	1
7312	303	1
7312	4609	1
7312	1031	1
7317	10023	1
7318	4872	2
7319	846	1
7319	22018	1
7319	5	1
7320	19458	1
7320	10724	1
7320	22427	1
7322	2744	1
7322	667	2
7322	1632	4
7324	17926	1
7331	9500	1
7337	3022	1
7346	507	1
7346	18203	1
7348	228	1
7348	1961	1
7348	198	2
7348	13683	1
7348	3486	1
7348	2556	2
7354	632	2
7354	9172	1
7354	10674	2
7356	571	1
7356	1050	2
7357	7930	1
7358	21219	1
7358	22427	1
7358	177	1
7358	16132	1
7358	21815	1
7360	4193	1
7360	4167	1
7366	10368	1
7366	2164	1
7366	233	1
7366	3022	1
7366	5068	1
7366	232	2
7367	8565	1
7367	86	2
7368	8903	1
7368	10012	2
7368	10863	1
7368	16123	1
7370	579	1
7372	8529	1
7378	3257	1
7380	19775	1
7380	8556	1
7380	16820	1
7382	2183	1
7382	15119	1
7382	7473	1
7389	4839	1
7392	3256	2
7392	11704	1
7394	12	2
7394	1333	3
7397	1846	2
7397	86	1
7398	10847	1
7398	497	1
7399	4721	1
7399	3001	1
7399	379	1
7399	4753	1
7404	20778	2
7404	9839	1
7404	1219	1
7404	7776	1
7406	1632	2
7410	8068	1
7410	2106	1
7410	861	1
7410	2542	2
7410	14030	2
7414	1496	1
7417	1	1
7417	459	1
7417	17250	1
7422	20003	3
7422	17779	1
7422	24031	1
7422	7873	1
7422	7880	1
7425	17351	1
7425	4835	1
7427	10859	2
7427	6668	1
7427	3468	1
7429	7129	1
7433	4886	1
7433	149	1
7433	3809	1
7435	6370	2
7435	632	1
7438	3004	1
7438	3415	1
7438	11436	1
7447	232	1
7451	8721	4
7452	15763	1
7452	1487	1
7452	470	2
7452	15465	1
7466	1617	1
7466	592	1
7466	9133	1
7467	441	1
7467	5152	1
7468	2999	1
7469	9065	1
7472	1351	2
7472	5966	1
7472	1392	1
7478	1919	1
7478	86	1
7478	11241	1
7478	627	1
7485	18732	1
7488	14257	2
7488	2221	1
7489	8546	1
7489	23255	1
7490	228	2
7490	384	1
7500	15495	1
7500	17615	1
7500	8786	1
7501	228	1
7501	1441	1
7502	198	1
7502	435	1
7502	1799	2
7505	11930	1
7505	3123	3
7508	7552	1
7508	98	2
7513	16145	1
7513	1910	1
7513	11565	1
7513	16995	1
7521	1176	2
7521	23192	1
7521	7775	1
7521	1031	1
7524	7160	1
7525	294	1
7525	6907	1
7525	232	2
7527	11374	1
7527	15005	1
7529	7792	3
7529	4722	1
7529	20797	7
7530	3715	1
7530	9308	1
7530	9307	2
7531	12727	1
7531	13072	1
7531	4723	1
7536	21048	1
7536	6634	1
7536	18694	1
7536	3052	1
7537	1271	1
7537	6802	2
7540	149	1
7540	1389	7
7540	5285	2
7540	9879	1
7540	3865	1
7540	5699	1
7541	19	1
7541	17946	1
7542	10835	1
7542	746	1
7543	12425	1
7545	3636	1
7545	13155	1
7545	3724	1
7545	3667	2
7545	17396	1
7548	16267	3
7548	7606	1
7548	1016	2
7548	3864	1
7549	4737	1
7549	2580	1
7550	1632	1
7550	1345	1
7551	14271	1
7551	2646	1
7551	18533	1
7551	9067	1
7551	5946	1
7551	610	1
7551	3471	1
7557	3022	1
7557	3738	1
7559	4193	1
7559	3660	1
7559	6259	1
7559	13435	1
7562	10838	1
7562	20905	1
7562	4609	2
7562	198	1
7564	19250	1
7564	6846	1
7568	15507	1
7568	2158	2
7568	17281	1
7568	12929	1
7570	1351	1
7570	1578	1
7570	404	1
7571	384	1
7587	3669	1
7587	4533	1
7587	13037	2
7587	14086	1
7588	8271	1
7588	1931	1
7588	9287	1
7589	4900	1
7589	1423	2
7596	3995	2
7596	746	1
7596	11260	1
7596	18486	1
7597	2804	1
7597	15456	1
7600	2221	1
7600	15458	1
7604	605	1
7604	667	1
7604	4077	1
7604	2182	2
7604	3652	1
7604	24397	1
7604	11565	1
7604	9403	1
7609	1496	1
7609	5633	1
7609	8659	1
7609	2184	1
7609	187	1
7609	6836	1
7610	10250	1
7610	308	1
7612	1917	1
7612	3757	1
7612	195	1
7619	3857	1
7619	6927	1
7619	4878	1
7619	11879	2
7619	3864	2
7623	2400	1
7623	454	1
7623	186	1
7623	8090	1
7623	513	1
7623	1928	1
7626	1901	1
7628	1431	1
7628	50	1
7628	1345	1
7630	8186	2
7630	2492	1
7630	586	1
7630	19877	2
7631	11103	2
7631	15699	1
7631	948	1
7632	1456	1
7632	10854	1
7632	6162	1
7632	1050	1
7632	7279	2
7632	3657	1
7633	8090	1
7633	12344	1
7633	33	1
7633	11471	1
7633	14517	1
7633	7614	1
7633	11473	1
7636	7249	1
7636	9069	1
7639	9065	1
7639	2554	1
7639	3479	1
